pos1	A	C	G	T
1	0	0	3845436	0
2	0	0	3894237	0
3	576	2139	714	3907005
4	232	3912957	415	943
5	132	491	198	3918012
6	467	3919923	999	1726
7	760	714	1068	3922549
8	290	3928448	322	1708
9	534	1052	338	3931954
10	3305	1714	3924738	2928
11	3040	1445	3939787	3594
12	321	2707	1029	3940197
13	706	964	1656	3951041
14	3894977	1048	1036	2585
15	4473	853	3948540	2291
16	3955007	2404	1520	2021
17	2012	3957642	1122	1471
18	646	3982148	1142	2782
19	3968555	1509	673	1669
20	5680	262	4006155	2381
21	4014490	690	543	910
22	271	557	232	4027223
23	608	4041310	639	947
24	270	654	325	4048876
25	4804	830	4041216	3566
26	4044819	402	2107	252
27	5770	371	4033742	10759
28	563	4051101	1147	1110
29	2397	4068991	730	785
30	378	1445	662	4073272
31	1509	390	4074151	390
32	1812	383	4074028	456
33	4625	383	4070226	604
34	4069757	523	1337	386
35	1198	317	4085579	347
36	706	4088285	360	949
37	254	918	585	4099320
38	4632	4114481	1264	1123
39	448	1168	247	4124313
40	3361	4134727	454	1152
41	695	1077	391	4141453
42	1521	289	4143554	238
43	3134	248	4144036	384
44	698	4149639	380	756
45	230	640	312	4160036
46	4164868	506	1666	217
47	4185540	176	376	355
48	708	4195034	363	560
49	479	1064	608	4202017
50	4201406	310	883	570
51	1401	408	4207661	876
52	1986	572	4209110	451
53	7456	479	4204934	477
54	4210999	615	897	828
55	4220889	312	779	215
56	1006	4227124	373	1490
57	3153	4232752	321	1134
58	5942	4231111	305	1620
59	4295617	629	576	589
60	618	4343154	338	794
61	445	843	185	4341266
62	1934	250	4343978	257
63	544	4352829	324	559
64	155	619	383	4367466
65	527	711	547	4376980
66	4376748	171	623	381
67	4375711	344	384	199
68	664	234	4374887	286
69	920	4378404	319	1493
70	3529	4413436	224	851
71	682	1782	266	4420245
72	3117	4423629	240	1870
73	4456337	611	1434	486
74	4514193	356	522	520
75	470	553	130	4517152
76	4516176	175	1413	124
77	4517748	263	973	308
78	4508839	327	638	178
79	849	158	4520163	446
80	962	4526116	156	807
81	296	614	196	4529355
82	348	916	175	4529842
83	1039	203	4526923	441
84	933	4525126	665	3129
85	3171	4559863	300	870
86	692	828	304	4570333
87	253	1167	193	4567405
88	3641	354	4556571	509
89	4543345	472	921	518
90	1468	430	4590475	548
91	664	1455	3518	4571900
92	3432	210	4579643	392
93	2572	4579506	1395	1310
94	567	2130	309	4587680
95	3968	4588214	394	4587
96	4592503	2972	1611	435
97	4587164	331	764	437
98	4286152	294	686	382
99	551	89	4302917	176
100	442	898	2489	4278862
101	2440379	208	565	160
102	491	137	2498195	261
103	473	698	1778	2486846
104	1033	166	2523609	328
105	341	560	1665	2520177
106	893	173	2593683	320
107	331	569	1068	2589896
108	741	235	2597125	665
109	447	2599314	415	3829
110	1065	2625149	257	912
111	2311	2648474	218	1107
112	1803	228	2721732	417
113	161	563	357	2708898
114	1134	2731383	207	527
115	177	523	217	2732385
116	990	116	2876654	313
117	214	683	503	2873218
118	111	519	220	2911432
119	972	197	2928063	328
120	345	1006	1132	2918155
121	861	218	2944307	283
122	262	795	1125	2928737
123	1478	210	2959104	356
124	2997034	1470	1209	546
125	309	3028547	270	660
126	272	572	225	3003965
127	2893	3065476	233	743
128	386	740	213	3067745
129	1164	215	3123168	366
130	778	227	3163597	343
131	419	922	1533	3148285
132	3190716	173	713	126
133	3226898	497	501	442
134	305	3252634	143	529
135	298	734	246	3198026
136	3192582	300	481	392
137	1615	148	3280237	375
138	3249358	197	634	325
139	2126	247	3279668	601
140	3279255	430	576	285
141	365	617	400	3267658
142	1765	3278724	345	1617
143	2889	3296659	439	796
144	3363	3384571	231	848
145	403	1440	279	3377761
146	3436	3416937	312	1962
147	3403592	638	994	280
148	1036	231	3415338	439
149	3344689	4818	2130	914
150	488	3378664	202	947
151	2909	3398968	297	975
152	4834	3458328	208	761
153	514	4970	589	3486604
154	239	396	284	3515815
155	243	400	255	3519726
156	247	535	238	3515410
157	3489881	260	1176	436
158	615	210	3527077	363
159	514	908	949	3473639
160	1488	3496083	318	1665
161	3506811	544	1020	441
162	863	201	3597793	502
163	447	878	1813	3547699
164	2056	288	3610787	511
165	574	1956	2238	3563850
166	1219	395	3646416	461
167	4616	406	3651707	426
168	3646041	286	1768	518
169	3654363	240	1137	366
170	3662346	272	808	353
171	3662047	406	432	458
172	425	706	650	3660163
173	2225	3633966	158	912
174	430	671	209	3562456
175	3443	3691422	201	738
176	665	707	263	3696349
177	3696452	257	973	193
178	716	212	3748900	588
179	512	3785376	234	1794
180	3811647	549	845	424
181	886	179	3943198	496
182	740	971	2191	3864027
183	1710	196	3788399	427
184	1127	294	3780855	642
185	648	3759648	553	4496
186	2160	473	3783044	947
187	693	3774762	334	1107
188	1974	3893496	635	1416
189	4531	3929975	310	1612
190	4343	511	3970933	608
191	3941811	289	591	420
192	3976593	444	678	360
193	430	4015097	182	2477
194	3929774	604	1110	437
195	788	221	3950100	654
196	1001	285	3902936	688
197	1549	257	3891881	385
198	3923952	1070	1166	430
199	448	4069439	344	925
200	388	727	356	4073859
201	293	1453	308	4079387
202	3632	343	4071974	382
203	4040751	321	1702	400
204	4044324	368	1299	479
205	4010411	468	765	475
206	950	281	3999146	645
207	616	3996655	288	1832
208	3310	427	3996535	436
209	3995317	265	1204	383
210	4007353	249	838	334
211	3998682	233	566	292
212	1256	281	4034613	564
213	892	1011	2521	3954583
214	4065693	170	1443	170
215	4050643	209	1084	151
216	4019944	350	856	266
217	1044	331	4014617	685
218	595	4020768	266	1630
219	3350	4055055	325	1237
220	4040742	698	958	781
221	2210	162	4134622	624
222	4098164	259	1042	370
223	1586	231	4115806	585
224	4843	374	4074727	1112
225	3963450	247	1029	804
226	3201	299	4051768	930
227	4031350	687	830	331
228	500	1130	616	4052891
229	2859	4094931	290	823
230	576	1130	554	4062276
231	3804	4244372	388	1122
232	685	779	620	4213464
233	4735	4249817	644	2268
234	2033	213	4275860	443
235	4245398	1659	1056	382
236	372	4297714	3565	1320
237	2607	509	4207188	444
238	572	4296483	210	889
239	4273313	422	1266	382
240	1335	255	4321163	467
241	2051	288	4305303	786
242	4283328	3623	1591	640
243	344	4439634	186	828
244	513	970	464	4335614
245	4460	4352253	373	2754
246	1597	198	4351158	747
247	2737	208	4345504	521
248	465	4324274	343	1262
249	171	596	269	4326469
250	144	847	269	4314370
251	1799	310	4186976	1145
252	552	4182256	548	1445
253	275	1920	514	4157480
254	2606	284	4144288	607
255	4132964	315	1417	344
256	4029355	285	592	224
257	786	143	4009518	2942
258	546	4032094	1033	1687
259	1673	496	3985060	453
260	596	3945193	800	1129
261	2428	469	3947902	323
262	679	3922991	569	1595
263	3945237	2876	1212	328
264	456	3994899	249	2167
265	2061	334	3933596	355
266	5488	452	3921857	413
267	527	3914939	439	1483
268	3935395	551	1162	250
269	3916505	193	394	324
270	1912	165	3924759	376
271	3891681	421	1303	326
272	1347	141	3909833	544
273	959	194	3856632	706
274	460	3833034	870	2327
275	2359	253	3857461	343
276	3852010	372	2053	318
277	1085	169	3877602	847
278	1406	146	3812267	1180
279	1475	147	3749146	400
280	863	192	3724080	503
281	747	3568709	3535	3501
282	1920	244	3617775	392
283	1312	240	3599798	834
284	661	3574129	1869	2509
285	1748	333	3608861	447
286	3592820	1209	2002	456
287	276	3658517	296	919
288	329	1014	229	3549002
289	1930	235	3556872	468
290	1152	244	3564113	458
291	462	1401	35811	3490167
292	3476	270	3538855	453
293	3534082	226	1280	560
294	958	193	3603858	547
295	677	1089	18133	3519809
296	3546951	751	821	286
297	1120	3562381	393	2427
298	4951	583	3511025	543
299	568	3491086	603	1159
300	4446	3540930	384	1349
301	3630953	3317	1419	454
302	3636037	253	561	288
303	3635617	195	575	116
304	3627998	180	430	105
305	3627516	149	318	1606
306	693	377	276	3630707
307	92	370	231	3643252
308	278	468	177	3654940
309	328	655	123	3644256
310	1411	221	3601728	850
311	3558671	1342	2317	444
312	379	3651718	469	1318
313	474	639	325	3505961
314	3476870	207	806	183
315	629	136	3516053	331
316	580	3511701	295	1169
317	1392	145	3496625	316
318	2673	183	3489453	629
319	3384598	376	1453	347
320	1102	196	3432532	481
321	1162	214	3382859	704
322	574	3375506	507	872
323	184	702	265	3370109
324	3379765	212	797	342
325	1987	258	3418962	413
326	3388775	272	1208	330
327	3368098	421	489	345
328	1295	139	3331761	556
329	2750	193	3255404	484
330	3103180	446	2346	546
331	2155	166	3116202	517
332	3075497	492	2646	328
333	1977	154	3087040	537
334	3047627	480	2231	343
335	1676	158	3080565	487
336	3095768	372	1185	262
337	423	523	742	3098790
338	1209	158	2972677	548
339	1124	135	2967843	584
340	1119	199	2968875	432
341	624	1214	12755	2897636
342	833	150	2928817	303
343	453	2934857	674	2499
344	1949	243	3184900	490
345	3206645	252	897	418
346	2003	116	3216076	557
347	3163689	360	1003	251
348	612	170	3133000	447
349	467	3133364	495	1391
350	1173	3498	3144276	510
351	406	1049	1930	3120300
352	1393	3137523	271	1608
353	1939	199	3141394	737
354	1964	237	3149805	478
355	606	1559	9464	3106541
356	3157082	185	517	146
357	139	366	233	3158307
358	450	401	217	3109317
359	3099140	173	1274	316
360	3061029	264	601	278
361	608	137	3035159	533
362	547	3035642	347	2029
363	1444	106	2989570	469
364	1393	133	2972553	578
365	1411	216	2934616	1235
366	1726	223	2924192	749
367	3660	279	2931573	784
368	3671664	439	1589	538
369	3023	368	3719194	680
370	3731879	360	1374	408
371	3746341	272	490	313
372	418	417	253	3749509
373	174	581	358	3710750
374	3690613	202	916	606
375	1424	695	3685579	1034
376	3637493	204	600	340
377	734	524	288	3643118
378	3647924	147	1499	160
379	3643082	229	692	333
380	3642327	258	373	391
381	555	567	566	3632557
382	1402	147	3561920	660
383	1284	319	3538381	908
384	3591	487	3520529	503
385	3498734	250	1862	584
386	3507599	190	1304	260
387	3505915	237	1048	169
388	3503308	171	574	184
389	3496477	283	459	109
390	3499961	220	392	220
391	428	792	857	3491945
392	304	655	578	3459761
393	2217	3472115	424	3067
394	1283	259	3444264	609
395	938	306	3444278	453
396	433	548	480	3426991
397	364	472	416	3413824
398	3410876	205	1223	239
399	3361434	227	494	291
400	868	101	3344722	512
401	944	241	3275284	730
402	619	3272629	392	1787
403	2455	3281610	368	1191
404	3283897	783	1219	530
405	1290	79	3289444	735
406	1799	231	3251803	959
407	1465	165	3227187	632
408	1405	300	3208634	731
409	4339	386	3193127	435
410	3176759	429	1909	682
411	3150270	304	1278	308
412	3131471	282	548	352
413	3502	381	3130449	376
414	3125191	170	892	249
415	3102664	230	461	156
416	3084565	1193	654	218
417	500	3092793	182	786
418	3085514	282	559	216
419	3070085	135	265	300
420	603	540	388	3033026
421	3006992	153	396	297
422	509	494	179	2984043
423	2927122	114	829	65
424	2901923	163	331	188
425	2876901	2534	505	304
426	377	2894697	92	619
427	615	757	381	2845631
428	2841759	74	552	54
429	2839157	158	455	141
430	2820515	418	328	89
431	2814611	1685	542	233
432	422	2851006	135	618
433	3860194	617	438	259
434	291	429	191	3850938
435	3882929	170	465	273
436	831	826	679	3866407
437	3850219	223	1016	197
438	903	234	3858798	823
439	445	845	565	3840567
440	3854663	1329	778	539
441	572	831	583	3874630
442	1715	181	3835080	455
443	1072	188	3813809	722
444	1415	257	3484243	550
445	656	3436054	293	1091
446	3441782	132	758	253
447	3429295	183	377	149
448	1877	145	2280849	340
449	326	2281664	396	1165
450	2280457	474	772	1574
451	813	64	2280633	323
452	946	149	2262682	459
453	2778	203	2255261	509
454	2252903	201	676	357
455	593	116	2252745	543
456	375	2251936	190	926
457	260	931	416	2249941
458	2251957	143	496	253
459	1731	537	2249905	472
460	2245924	360	504	332
461	2238868	821	876	224
462	278	2239556	179	1325
463	1353	180	2233437	461
464	2230989	132	271	161
465	146	297	109	2230950
466	235	387	106	2224225
467	1782	2223015	245	1106
468	1187	264	2221608	468
469	543	2222390	108	1223
470	2223800	278	774	303
471	593	177	2224986	385
472	186	303	63	2215501
473	246	431	169	2207393
474	2207717	72	579	204
475	2208348	203	311	137
476	167	513	341	2203843
477	857	2201742	117	722
478	1830	2199998	198	668
479	323	947	181	2194219
480	882	120	2192581	197
481	769	541	2187596	482
482	290	2186397	221	694
483	1708	2184030	198	1130
484	138	474	144	2183763
485	73	223	197	2187492
486	99	292	224	2187991
487	264	498	54	2187378
488	2186620	116	519	425
489	603	149	2184610	347
490	2174170	162	565	201
491	983	368	2169459	380
492	2162313	797	528	277
493	1515	2152967	249	7876
494	2154259	729	494	1314
495	550	2009	927	2149778
496	2048	2140140	243	11058
497	2148740	533	1444	288
498	3050	739	2144884	418
499	2140430	3526	1037	330
500	2143528	436	907	1032
501	2837	1010	2129939	604
502	3091	899	2121470	857
503	3644	2103800	1279	14303
504	2521	2784	1448	2111842
505	2884	1241	2114130	564
506	2044	2104191	1073	10007
507	4227	2102166	594	13895
508	2828	603	2117735	344
509	4471	587	2118875	223
510	3523	2118936	279	825
511	2120572	371	2531	390
512	2119767	1780	2123	1360
513	2119968	1347	797	2527
514	523	257	249	2121244
515	2107978	2777	477	4307
516	685	2110700	1582	1029
517	1397	506	263	2092539
518	1008	356	2085834	595
519	861	687	2084067	1708
520	1189	699	2084258	151
521	2080531	3241	529	410
522	1721	2080587	1100	754
523	2071114	7044	1301	1733
524	583	173	2077346	1728
525	721	2072721	2854	746
526	1733	599	378	2066796
527	2058777	6293	1538	2439
528	752	2061254	1775	480
529	2057832	884	3768	753
530	2055951	451	1193	4197
531	0	2055239	0	1
532	0	2027133	0	0
533	3240	0	0	2
534	0	0	0	379
535	0	299	0	0
536	0	0	0	0
