pos1	A	C	G	T
1	0	0	3019800	0
2	0	0	3058857	0
3	431	1747	568	3069125
4	166	3074627	335	795
5	130	387	193	3080578
6	416	3083218	840	2181
7	635	554	868	3087789
8	206	3093861	247	1994
9	429	775	228	3097951
10	2787	1214	3093735	2367
11	2394	1076	3107764	3102
12	262	2266	864	3108546
13	583	829	1330	3118242
14	3072765	811	816	2084
15	3679	661	3123811	1854
16	3129510	1951	1226	1582
17	1671	3134360	942	1309
18	603	3156087	868	2267
19	3146566	1311	589	1383
20	4613	166	3203937	1976
21	3211416	528	436	735
22	248	418	180	3230357
23	503	3251982	540	759
24	256	584	262	3259900
25	4197	695	3255010	3176
26	3259154	348	1745	163
27	4868	346	3252397	9380
28	522	3269374	1061	963
29	948	3301518	605	475
30	356	1368	528	3308029
31	1466	287	3310260	711
32	1765	353	3311556	378
33	4326	330	3309941	575
34	3311041	490	1161	352
35	1123	261	3341844	411
36	687	3346298	387	840
37	224	711	440	3368183
38	1442	3402369	1116	1045
39	380	883	238	3413385
40	1285	3434979	382	989
41	632	958	253	3442501
42	1497	272	3445770	324
43	2652	221	3448551	404
44	550	3455360	390	832
45	299	640	242	3470663
46	3481246	371	1509	177
47	3518249	183	379	410
48	744	3532921	298	518
49	478	783	578	3545472
50	3546211	285	828	553
51	1507	303	3556311	989
52	1509	467	3558673	462
53	6223	369	3556785	427
54	3562931	540	883	831
55	3582306	179	583	219
56	753	3589073	275	3373
57	1854	3598699	379	2498
58	3804	3599849	348	2110
59	3739109	466	545	445
60	589	3819123	349	843
61	534	714	277	3825660
62	1663	286	3833072	411
63	390	3847082	283	795
64	239	697	348	3869581
65	468	684	546	3876355
66	3876518	130	633	377
67	3878078	384	407	230
68	726	225	3880748	424
69	823	3887891	415	1300
70	1792	3962158	186	783
71	730	1655	329	3976863
72	1364	3984679	293	1879
73	4041795	500	1413	514
74	4139309	354	479	517
75	426	552	141	4147374
76	4149470	217	1234	154
77	4153515	256	1035	356
78	4149883	317	605	283
79	953	195	4170817	405
80	732	4180394	206	671
81	314	550	236	4187919
82	404	827	259	4193101
83	1193	227	4195953	557
84	952	4196977	628	2768
85	1808	4260478	309	963
86	713	810	356	4276017
87	319	1159	275	4276989
88	3963	380	4269855	613
89	4260950	490	957	568
90	1640	472	4345804	631
91	793	1638	4812	4347364
92	4183	205	4387835	586
93	2214	4395128	1238	1431
94	559	2316	299	4410367
95	1337	4416438	425	4392
96	4420778	3095	1548	438
97	4422266	323	899	564
98	4184276	373	803	395
99	726	168	4210960	392
100	702	1305	4324	4203914
101	2720649	275	673	259
102	730	200	2802838	539
103	713	939	2612	2803989
104	1336	226	2868396	467
105	437	788	2072	2869428
106	1291	198	2965207	402
107	457	803	1443	2965438
108	952	255	2987610	664
109	477	2989857	459	4580
110	919	3031419	310	1245
111	2249	3064892	252	1409
112	2283	331	3186773	415
113	262	724	561	3183640
114	484	3221575	208	789
115	252	753	269	3227697
116	1161	152	3403207	362
117	338	844	831	3404888
118	211	666	281	3456526
119	1302	260	3483272	458
120	512	1392	1639	3468136
121	1204	244	3512104	344
122	358	1169	1715	3508446
123	1706	218	3551371	484
124	3603375	1351	1284	574
125	301	3650908	306	832
126	449	572	278	3655353
127	1443	3725763	217	1114
128	601	1079	250	3730507
129	1672	235	3790192	766
130	1516	305	3843483	708
131	537	1107	2276	3835543
132	3890142	232	757	182
133	3946013	609	655	533
134	275	3981015	208	798
135	449	970	259	3948907
136	3921189	249	774	565
137	2247	202	4036538	730
138	4006002	283	881	445
139	2589	250	4050772	1048
140	4064856	527	679	474
141	471	850	550	4066066
142	1169	4093156	465	2342
143	2527	4122552	501	1166
144	2657	4263123	259	1039
145	544	1875	462	4258895
146	1759	4305210	324	2443
147	4272473	656	1208	513
148	1695	289	4293295	985
149	4246826	5129	2423	1081
150	603	4285409	315	1716
151	2191	4322986	411	1369
152	3860	4413996	298	956
153	608	6411	641	4459529
154	290	607	354	4493852
155	299	551	325	4489353
156	297	726	274	4483538
157	4399533	341	1435	532
158	686	273	4451771	667
159	611	1113	1288	4412886
160	763	4415455	344	2297
161	4427598	812	1469	649
162	1021	276	4563122	881
163	643	1343	2547	4522978
164	2425	325	4615260	1077
165	908	2477	3282	4575176
166	1894	443	4675839	1139
167	5841	520	4685923	688
168	4678334	413	2531	629
169	4667724	211	1630	520
170	4671621	444	873	319
171	4670165	402	652	569
172	421	1097	791	4671786
173	1003	4635871	222	1291
174	631	742	323	4535552
175	1420	4672866	245	1225
176	1032	963	354	4666848
177	4662772	268	1309	247
178	900	255	4734193	949
179	472	4782495	344	2309
180	4816852	569	1149	448
181	1091	200	5023795	1011
182	939	1261	2991	4928601
183	2165	241	4793419	697
184	1390	361	4782738	965
185	859	4743577	699	5233
186	2454	559	4773705	1257
187	894	4766149	465	1612
188	1800	4912024	887	2266
189	3760	4949571	336	2138
190	5610	845	4978000	983
191	4931997	489	883	379
192	4967752	522	1069	486
193	413	5007565	249	3207
194	4905765	850	1371	667
195	1055	296	4921870	1652
196	2112	399	4866061	1432
197	2620	309	4851644	684
198	4893564	1212	1595	583
199	562	5074950	444	1115
200	535	854	436	5073508
201	422	1980	335	5068865
202	4522	417	5051203	620
203	5004952	425	2407	505
204	5006315	566	1870	632
205	4957846	601	1058	590
206	1198	325	4945553	1150
207	677	4941061	363	2100
208	4133	524	4936314	622
209	4914691	289	1697	558
210	4915978	337	1365	355
211	4871283	355	795	405
212	1484	324	4906868	923
213	1276	1362	3158	4819690
214	4916685	272	1814	218
215	4882802	256	1080	295
216	4843012	450	953	367
217	1304	428	4835139	1386
218	679	4840247	276	2018
219	1806	4868258	600	1766
220	4835154	1025	1265	982
221	2992	217	4951913	1280
222	4910059	456	1199	524
223	3286	302	4923322	1438
224	6603	396	4874050	1623
225	4731473	405	1411	902
226	3446	435	4848023	1171
227	4822581	761	1116	525
228	584	1416	697	4844148
229	983	4889439	352	1445
230	603	1654	807	4841651
231	1960	5041732	490	1446
232	881	991	704	4996958
233	2068	5031116	834	3015
234	2404	231	5051400	777
235	5015829	2159	1469	400
236	940	5054449	15223	2790
237	3245	593	4942469	1123
238	1049	5078404	342	1378
239	5047158	744	1916	562
240	2120	301	5094989	1062
241	3318	401	5076980	1634
242	5050819	4495	2052	857
243	499	5213319	195	1233
244	779	1459	698	5075144
245	2132	5091771	755	3902
246	2327	304	5080655	1276
247	3631	245	5078294	931
248	611	5051979	443	1481
249	388	853	354	5048669
250	512	916	521	5043085
251	3633	346	4893851	1600
252	833	4866064	713	3080
253	411	2379	614	4830258
254	3265	316	4815905	874
255	4805718	470	1795	592
256	4692281	262	871	420
257	1590	241	4666573	4213
258	1022	4699694	1142	3180
259	2519	624	4642556	1023
260	925	4586196	1051	1681
261	4629	584	4576663	675
262	614	4546984	754	2337
263	4580451	4145	1547	452
264	722	4631682	280	3156
265	2281	366	4556872	855
266	10906	533	4548056	1112
267	1214	4548638	613	2478
268	4570593	1404	2483	568
269	4550456	325	687	449
270	4328	168	4556154	1165
271	4525081	477	1782	507
272	2691	195	4537846	1165
273	1721	388	4484710	1191
274	628	4464192	1074	3193
275	6727	370	4478720	1307
276	4493253	548	2622	910
277	4057	156	4520616	2896
278	3066	164	4439716	2621
279	2179	224	4355577	871
280	1155	276	4326171	901
281	762	4142572	3440	3721
282	2722	222	4233759	665
283	2038	309	4221307	1047
284	887	4194862	1856	3243
285	2390	473	4234509	951
286	4217617	1440	2105	536
287	336	4279384	302	1367
288	375	1202	333	4149945
289	2212	305	4158817	911
290	1351	295	4166277	723
291	567	1432	35651	4092337
292	4181	382	4150136	592
293	4148276	278	1601	634
294	1387	250	4228819	823
295	746	1224	17078	4136856
296	4158047	927	1101	365
297	1175	4176539	491	3721
298	6774	719	4100901	1318
299	864	4077970	630	1799
300	3294	4127496	518	2055
301	4272223	3438	1604	652
302	4280084	367	639	314
303	4281715	266	596	138
304	4275980	242	463	227
305	4276417	220	380	2734
306	752	517	342	4277876
307	108	626	324	4312589
308	379	681	276	4341133
309	442	905	128	4344811
310	1701	268	4315890	1358
311	4282878	2028	3252	591
312	427	4374232	570	2012
313	692	1219	399	4194398
314	4182347	308	958	320
315	1007	238	4241801	767
316	674	4245586	410	1870
317	1906	255	4236406	656
318	4398	246	4233741	1426
319	4133939	452	1814	515
320	2050	290	4193846	744
321	1906	318	4110074	1866
322	811	4103667	563	1246
323	528	1270	406	4099216
324	4108955	267	1237	640
325	4012	359	4156907	1022
326	4123909	402	1182	357
327	4135768	571	567	633
328	1801	264	4085277	1328
329	3727	235	3982441	1395
330	3845790	491	2235	638
331	2816	176	3865144	1211
332	3819747	541	2758	520
333	3305	200	3841705	1181
334	3802787	538	2420	574
335	2726	266	3848470	911
336	3877263	594	1445	513
337	719	722	893	3878066
338	1667	170	3643993	1648
339	1491	176	3647959	1545
340	1308	273	3668665	770
341	797	1524	11652	3602143
342	1038	252	3682840	652
343	522	3697842	842	3131
344	2610	311	3982813	1206
345	4008601	366	1114	487
346	3387	248	4020249	941
347	3966772	469	1138	222
348	658	255	3916976	662
349	623	3918503	747	1846
350	1514	9937	3928875	830
351	485	1346	2115	3912587
352	790	3949848	399	2390
353	2334	273	3967415	1287
354	2389	366	3985862	833
355	790	2018	9133	3937832
356	4014808	239	600	292
357	258	593	382	4017200
358	619	673	311	3948221
359	3943143	274	1417	439
360	3942317	369	820	509
361	725	213	3925239	878
362	711	3925463	487	3230
363	1638	267	3866072	1832
364	1976	141	3853722	2053
365	2023	251	3790883	3525
366	2278	327	3777642	1979
367	4810	319	3772352	1490
368	3865321	589	2008	837
369	4384	467	3922715	1083
370	3927714	637	1830	584
371	3943042	279	570	427
372	485	606	328	3944857
373	175	690	268	3882998
374	3862916	311	1220	558
375	1585	268	3881840	825
376	3813032	300	711	400
377	709	640	351	3804823
378	3809042	203	1617	165
379	3810385	253	785	392
380	3811750	227	509	420
381	667	754	618	3791040
382	1452	246	3657667	1711
383	1193	353	3629983	943
384	3765	471	3614125	876
385	3580989	394	2216	534
386	3577253	327	1521	455
387	3572001	366	1141	199
388	3567946	341	568	255
389	3559635	269	523	217
390	3569684	282	320	285
391	417	752	861	3557631
392	377	908	597	3507067
393	991	3523313	463	3494
394	1529	320	3478326	1022
395	1014	207	3474729	676
396	501	656	574	3448427
397	414	625	473	3426938
398	3425966	272	1069	257
399	3373054	387	616	274
400	1263	114	3336157	848
401	1151	330	3194508	993
402	614	3201297	437	2183
403	1192	3208134	295	1646
404	3208874	784	1488	732
405	1436	192	3207984	1787
406	1994	239	3142491	2355
407	1748	217	3092374	1589
408	1787	256	3055995	854
409	4956	372	3031206	541
410	3006381	505	2076	712
411	2961901	298	1031	394
412	2927509	253	548	440
413	3631	414	2916026	415
414	2902594	272	914	220
415	2855923	267	454	236
416	2826305	1040	653	221
417	531	2834227	184	1289
418	2821531	301	522	194
419	2782069	114	333	357
420	527	578	262	2730935
421	2698444	168	309	293
422	546	460	135	2663198
423	2616975	81	819	57
424	2581982	191	341	208
425	2549260	1246	498	271
426	343	2549369	112	661
427	385	653	362	2455401
428	2447539	110	516	73
429	2442973	170	488	130
430	2415678	281	304	94
431	2403278	1576	574	206
432	305	2430851	105	812
433	3438201	519	354	283
434	236	473	273	3412328
435	3425328	146	565	198
436	792	947	454	3390984
437	3373878	228	934	164
438	788	230	3366706	766
439	482	764	446	3333399
440	3329889	1411	833	587
441	490	748	610	3325138
442	1395	157	3204665	1179
443	1329	235	3170700	1179
444	1674	311	2822685	871
445	677	2778950	363	1429
446	2778174	302	1007	251
447	2767794	194	397	287
448	1076	157	2559020	618
449	342	2554181	485	1634
450	2549343	431	916	885
451	786	110	2541113	852
452	1104	141	2502890	782
453	3276	222	2484078	1115
454	2476702	318	768	490
455	686	182	2468710	814
456	416	2465786	265	1374
457	353	1027	483	2453896
458	2454451	231	542	331
459	1962	393	2447278	846
460	2432848	456	515	401
461	2419308	1121	950	264
462	325	2416928	223	1780
463	1263	205	2399282	604
464	2393357	185	253	195
465	195	624	131	2391462
466	253	539	75	2372394
467	661	2370115	287	1490
468	1264	298	2360386	566
469	552	2360017	126	1496
470	2359656	336	760	356
471	732	207	2354218	858
472	225	353	82	2331557
473	284	547	128	2305115
474	2305086	118	588	223
475	2303799	237	396	151
476	289	604	360	2291722
477	584	2284508	177	865
478	1001	2281677	216	748
479	347	1176	187	2263200
480	989	134	2254957	355
481	945	538	2243031	702
482	314	2240905	245	981
483	1014	2239187	259	1147
484	161	584	150	2235318
485	95	228	211	2238370
486	140	309	260	2238374
487	348	526	41	2236570
488	2234488	118	663	319
489	778	162	2229113	631
490	2203417	232	626	278
491	966	428	2192313	804
492	2172721	872	505	260
493	1655	2159475	241	8471
494	2150179	728	578	1412
495	616	2034	988	2140616
496	1227	2129810	327	11240
497	2134473	619	1523	341
498	3491	902	2128715	535
499	2121475	3122	1145	321
500	2122072	393	916	1304
501	3212	1043	2092109	808
502	3052	790	2063112	902
503	3309	2045027	1398	13960
504	2264	3201	1231	2046640
505	3020	1237	2044474	680
506	1928	2029277	1147	14590
507	8096	2026077	542	15565
508	2831	695	2038528	567
509	4597	700	2038307	252
510	3796	2037175	313	980
511	2038198	426	2687	406
512	2036531	1910	2338	1299
513	2036186	1479	807	2554
514	560	256	228	2034361
515	2011192	2832	496	4309
516	716	2014084	1631	1070
517	1173	465	284	1974246
518	1171	331	1961595	875
519	1170	627	1958742	1756
520	1545	645	1958649	166
521	1955080	3139	499	366
522	1425	1955332	957	719
523	1940742	7190	1370	1646
524	637	180	1946056	1758
525	697	1940993	2925	833
526	1706	538	299	1933363
527	1925115	6420	1466	2460
528	768	1927460	1570	628
529	1923960	865	3713	651
530	1922041	468	1211	3986
531	0	1921024	0	0
532	0	1893405	0	0
533	2073	0	0	0
534	0	0	0	194
535	0	150	0	0
536	0	0	0	0
