pos1	A	C	G	T
1	0	0	2846516	0
2	0	0	2881543	0
3	388	1516	517	2890903
4	148	2896256	313	768
5	91	315	165	2902462
6	342	2906049	712	2127
7	536	467	758	2910831
8	140	2916731	225	1912
9	345	733	220	2921182
10	2568	786	2918706	2512
11	2248	907	2932363	2769
12	250	1978	756	2933093
13	568	655	1106	2943652
14	2902507	611	671	2034
15	3408	444	2951302	1741
16	2956813	1718	1061	1423
17	1557	2963822	765	1177
18	357	2985058	802	2024
19	2977544	1146	505	1238
20	4371	131	3038303	1791
21	3045766	544	433	672
22	219	364	149	3067299
23	419	3091527	424	768
24	208	448	229	3100404
25	3844	756	3096379	2892
26	3100789	307	1509	154
27	4744	299	3095867	8309
28	482	3112487	898	776
29	1000	3146018	510	716
30	228	1025	538	3154849
31	1398	286	3158213	334
32	1379	288	3160056	303
33	3906	358	3159452	481
34	3161358	418	1040	399
35	923	247	3192730	259
36	410	3197767	306	623
37	189	659	405	3218958
38	1608	3254488	942	985
39	434	804	218	3265817
40	1327	3289381	298	909
41	598	804	253	3298498
42	1292	227	3302614	256
43	2589	220	3306004	356
44	547	3313766	301	715
45	150	495	240	3330318
46	3341966	357	1159	156
47	3379644	154	295	257
48	486	3396222	246	435
49	432	689	460	3410735
50	3413021	348	815	447
51	1491	335	3425075	696
52	1675	473	3427175	347
53	6054	458	3426350	406
54	3432930	441	907	765
55	3452368	194	530	172
56	750	3460196	325	3278
57	1914	3469253	275	3079
58	3302	3472034	262	2063
59	3588679	726	488	401
60	459	3667597	215	747
61	399	759	216	3674582
62	1568	208	3683396	224
63	432	3697719	295	771
64	120	539	284	3721403
65	505	690	389	3731681
66	3733294	159	515	307
67	3735935	257	366	212
68	573	224	3737923	217
69	639	3745593	330	1231
70	1989	3808267	148	846
71	726	1361	263	3822197
72	1812	3830442	247	1546
73	3882924	423	1459	426
74	3972833	193	451	496
75	442	484	121	3979982
76	3982209	175	1283	148
77	3987082	193	783	357
78	3983522	232	469	177
79	762	135	4003941	425
80	633	4012839	148	693
81	261	460	159	4021493
82	284	699	228	4026572
83	893	158	4027474	455
84	747	4028837	523	2681
85	1487	4086363	329	919
86	590	748	291	4101443
87	254	1050	198	4101172
88	3500	347	4094156	508
89	4087330	411	842	459
90	1185	352	4160514	443
91	734	1450	4343	4151475
92	2910	193	4179759	373
93	1574	4184929	1074	1144
94	443	1927	252	4198414
95	2031	4203165	384	4428
96	4213237	2747	1359	430
97	4217433	300	771	410
98	4041261	314	715	368
99	750	137	4065156	257
100	654	1133	3355	4046639
101	2932788	306	570	237
102	653	181	3004162	386
103	643	954	2183	2997700
104	1269	211	3049233	440
105	415	717	1909	3047827
106	1123	198	3124954	368
107	426	796	1323	3123482
108	867	294	3128159	567
109	432	3129257	481	4429
110	876	3162168	323	1208
111	2086	3188706	276	1346
112	1932	344	3285128	484
113	244	611	480	3272398
114	599	3303709	219	777
115	185	643	204	3305372
116	1107	134	3446784	293
117	326	813	791	3444757
118	198	658	228	3482749
119	1110	215	3501823	420
120	401	1157	1474	3486931
121	1148	185	3516248	345
122	400	862	1436	3502032
123	1652	246	3524614	405
124	3558196	1729	1460	558
125	352	3601326	253	689
126	273	499	211	3579987
127	1704	3639562	214	886
128	476	911	224	3640166
129	1280	239	3685716	430
130	1210	298	3723922	469
131	484	910	1891	3707850
132	3752292	277	777	184
133	3798984	515	542	514
134	338	3832324	195	560
135	341	633	248	3770602
136	3746109	258	556	530
137	1962	182	3827595	713
138	3788898	321	683	368
139	2467	249	3827019	842
140	3824627	549	632	294
141	418	707	480	3813690
142	1180	3817982	373	1911
143	1903	3842249	360	1000
144	2444	3955181	241	1060
145	545	1394	391	3945740
146	2230	3975853	383	2353
147	3941874	735	1109	317
148	1227	257	3955141	781
149	3878650	4685	2093	876
150	500	3908624	256	1487
151	2131	3931330	389	1498
152	3458	4005422	298	964
153	476	5377	598	4040834
154	238	428	261	4071452
155	256	385	285	4068946
156	234	592	216	4062471
157	4007935	283	1176	414
158	576	243	4046344	538
159	512	1017	1115	3992242
160	892	3999166	362	1980
161	4008577	691	1053	456
162	719	235	4120579	667
163	516	1002	2126	4059359
164	1994	250	4134173	779
165	610	2202	2879	4076241
166	1435	347	4149777	524
167	5570	458	4151514	531
168	4142531	296	2438	628
169	4145334	273	1499	400
170	4152452	293	884	383
171	4151397	357	432	480
172	325	824	649	4150113
173	1191	4121568	177	1002
174	446	710	272	4035059
175	1891	4149921	182	893
176	859	835	291	4150541
177	4144602	240	1158	195
178	848	232	4193622	954
179	488	4224545	286	2159
180	4252393	529	1022	528
181	1019	158	4429085	663
182	736	1072	2620	4342958
183	1633	199	4234227	493
184	1084	303	4224962	766
185	693	4196419	656	4821
186	1856	502	4226040	880
187	567	4216746	342	1471
188	1728	4337921	674	1776
189	2604	4368309	292	1736
190	4393	550	4404801	675
191	4367014	303	807	379
192	4398253	462	812	327
193	596	4440044	279	2472
194	4351715	760	1152	509
195	965	214	4365111	906
196	1300	330	4316311	745
197	1944	327	4302986	408
198	4335106	1058	1245	413
199	429	4491158	368	973
200	483	670	391	4493465
201	368	1506	278	4491323
202	4251	356	4479707	402
203	4446005	265	1726	365
204	4448847	517	1324	435
205	4409909	478	782	394
206	1084	286	4398333	923
207	604	4392810	384	1657
208	3751	461	4389922	444
209	4378328	294	1623	375
210	4385021	311	958	443
211	4363436	247	559	313
212	1466	292	4397324	732
213	935	1085	2759	4317261
214	4394040	235	1640	119
215	4374555	320	1110	225
216	4340976	403	907	290
217	1386	364	4332771	1168
218	549	4336222	293	1891
219	1844	4363398	387	1323
220	4343323	593	1018	793
221	2643	213	4437815	1143
222	4398986	293	1010	334
223	2009	239	4412619	800
224	5275	321	4368627	1437
225	4252292	324	1292	642
226	3759	385	4349594	728
227	4322110	718	870	403
228	538	1126	593	4342032
229	1093	4385118	336	1237
230	540	1294	560	4341878
231	1914	4507776	345	1137
232	753	922	554	4468278
233	2340	4494029	763	2696
234	2035	210	4512604	542
235	4481381	1850	1135	376
236	476	4524730	11199	1646
237	2081	547	4428133	671
238	490	4516720	197	1068
239	4494718	537	1528	423
240	1176	287	4540535	869
241	2244	276	4520052	897
242	4494886	4110	1811	670
243	340	4637130	170	1008
244	472	1067	472	4532310
245	2474	4547390	401	3137
246	1614	320	4542205	761
247	3115	216	4532569	789
248	444	4513069	368	1543
249	242	693	319	4515773
250	208	839	368	4508382
251	2323	292	4393368	1442
252	455	4384146	569	1683
253	281	1950	472	4356754
254	2704	261	4345734	707
255	4336226	344	1327	356
256	4248795	305	677	274
257	1107	141	4227491	2916
258	630	4249235	964	2403
259	1615	562	4203784	555
260	615	4164734	807	1189
261	2805	495	4165186	363
262	578	4143882	518	1907
263	4175971	3064	1284	412
264	477	4227661	215	2551
265	2043	367	4150706	564
266	6432	494	4141225	734
267	630	4139021	493	1695
268	4163124	673	1332	367
269	4147976	221	470	390
270	2431	131	4154385	932
271	4121992	303	1377	394
272	1952	177	4136209	891
273	1361	221	4078785	1017
274	463	4060038	933	2592
275	3469	352	4084702	704
276	4088734	422	1990	421
277	1957	177	4115076	1567
278	2088	162	4042160	1275
279	1836	157	3965645	679
280	1042	188	3943648	727
281	666	3808869	2941	3305
282	2143	266	3876228	482
283	1478	232	3859418	1111
284	717	3838085	1761	2879
285	2139	374	3877415	557
286	3864490	1202	1864	484
287	298	3931539	315	1264
288	289	999	280	3812954
289	2088	259	3821645	572
290	1255	245	3830564	686
291	395	1313	26770	3764703
292	3817	314	3812065	639
293	3808693	287	1314	556
294	824	200	3882393	890
295	567	1214	15294	3790728
296	3812533	885	871	273
297	919	3829253	466	2875
298	5655	647	3762102	709
299	682	3745814	516	1745
300	3390	3791342	421	1759
301	3897836	2947	1405	436
302	3899471	333	630	326
303	3901406	241	435	158
304	3898552	200	483	107
305	3900810	152	390	1880
306	599	395	267	3902149
307	88	410	295	3923583
308	289	716	230	3943638
309	330	921	109	3939360
310	1609	211	3912608	963
311	3886875	1731	2673	511
312	391	3988865	495	1563
313	559	868	359	3838294
314	3823698	294	874	200
315	709	163	3871233	696
316	446	3869436	273	1463
317	1211	186	3860855	397
318	3169	218	3858411	1069
319	3775616	344	1317	436
320	1402	189	3827419	473
321	1371	267	3762024	1222
322	692	3757923	542	1084
323	270	1035	335	3756056
324	3785827	276	879	415
325	2713	264	3829906	610
326	3792502	215	1177	252
327	3800209	418	444	453
328	1612	254	3758336	909
329	3591	232	3668095	886
330	3555171	371	2107	630
331	3051	141	3574072	723
332	3530141	435	2426	388
333	2720	209	3550543	787
334	3510027	434	1991	394
335	2179	157	3551956	723
336	3572372	402	1148	406
337	511	724	820	3583590
338	1388	156	3402214	888
339	1296	221	3401296	1001
340	1238	247	3419975	596
341	647	1215	10892	3361277
342	986	179	3415427	584
343	464	3424090	693	3190
344	2388	294	3621948	905
345	3635187	250	851	514
346	2784	180	3645539	749
347	3594095	444	1033	174
348	698	208	3553554	719
349	516	3553823	621	2048
350	1258	9460	3560252	721
351	433	1086	1854	3546737
352	830	3573339	319	2107
353	1964	212	3585536	927
354	2238	301	3600444	520
355	602	1764	8180	3556331
356	3620448	243	585	190
357	222	499	297	3621359
358	496	547	250	3563881
359	3556822	179	1458	386
360	3536373	339	712	318
361	649	133	3510216	810
362	514	3512588	451	2634
363	1443	179	3460707	577
364	1584	141	3448792	1185
365	1739	208	3398665	1921
366	2191	266	3385606	1288
367	4839	329	3379388	1178
368	3431527	479	2061	664
369	3449	346	3493521	876
370	3496486	517	1482	459
371	3519313	243	487	300
372	380	562	258	3524885
373	148	566	208	3476490
374	3457629	244	932	505
375	1573	224	3479991	796
376	3421220	195	598	280
377	639	628	257	3437249
378	3443651	186	1911	159
379	3444777	287	557	359
380	3448304	181	423	391
381	608	706	557	3438706
382	1246	165	3332112	776
383	886	257	3303292	914
384	3498	374	3289862	481
385	3268525	294	1891	534
386	3278859	225	1296	401
387	3277868	368	1114	138
388	3276077	246	536	278
389	3270296	256	500	226
390	3279732	265	420	238
391	385	769	714	3269695
392	315	745	505	3226395
393	1051	3249844	398	3063
394	1151	279	3219331	836
395	766	217	3224245	509
396	393	564	582	3207792
397	369	533	365	3191634
398	3191291	185	1119	249
399	3152316	245	408	195
400	1313	124	3124645	683
401	1164	239	3017166	809
402	434	3020585	394	2094
403	1241	3033711	291	1647
404	3042032	799	1105	534
405	1289	133	3049596	1113
406	1779	174	2995145	1108
407	1430	198	2955076	938
408	1602	244	2926586	805
409	5085	339	2906485	556
410	2886583	503	2263	831
411	2858417	307	1106	246
412	2834188	306	492	338
413	4032	414	2828766	422
414	2818519	222	887	133
415	2787930	212	390	170
416	2763547	822	469	219
417	562	2774521	177	1283
418	2765391	217	521	271
419	2744818	131	272	279
420	499	444	210	2698909
421	2669310	172	288	248
422	537	433	132	2635993
423	2580531	101	853	59
424	2551830	144	314	172
425	2522610	1019	441	223
426	339	2535871	85	738
427	321	563	277	2453662
428	2446376	107	516	50
429	2443209	149	524	92
430	2419671	230	262	87
431	2409073	1296	549	196
432	317	2437057	145	773
433	3231534	604	347	296
434	180	485	203	3212030
435	3226161	144	588	168
436	600	762	308	3198143
437	3177810	198	897	146
438	691	183	3179686	715
439	414	727	413	3149481
440	3155685	1070	609	451
441	371	603	481	3159413
442	1407	156	3068653	507
443	1185	213	3040176	892
444	1634	279	2764463	990
445	626	2732080	336	1448
446	2736145	223	740	286
447	2730343	213	380	199
448	808	164	2567380	609
449	332	2564134	382	1316
450	2560945	470	758	599
451	882	71	2555321	497
452	1034	141	2523519	673
453	3152	223	2507567	713
454	2500840	215	757	549
455	679	160	2495321	704
456	407	2492658	165	1212
457	352	1009	412	2482067
458	2482574	183	541	251
459	1851	324	2476343	752
460	2463766	352	501	325
461	2452519	1016	851	229
462	339	2450521	171	1605
463	1271	182	2434859	488
464	2430971	119	347	196
465	168	522	129	2429266
466	218	346	93	2412080
467	1013	2408276	248	1986
468	1063	278	2400276	504
469	529	2399744	166	1368
470	2399247	368	682	338
471	602	145	2393423	688
472	202	419	79	2364268
473	271	464	102	2339640
474	2339222	112	569	223
475	2337789	196	353	160
476	232	619	335	2326153
477	610	2318821	134	812
478	1115	2315837	206	651
479	323	1151	192	2297323
480	806	152	2289223	312
481	788	528	2278158	548
482	357	2275433	257	927
483	1269	2273608	195	1038
484	130	476	106	2270182
485	77	225	188	2272270
486	129	252	221	2272036
487	349	434	41	2269942
488	2267224	186	624	346
489	788	155	2261660	579
490	2235023	159	601	183
491	871	341	2223719	580
492	2203448	848	541	272
493	1591	2189074	210	8696
494	2179605	585	566	1311
495	593	2114	852	2168913
496	1038	2157396	332	11545
497	2161558	466	1336	259
498	3467	1022	2155157	499
499	2146475	3245	1228	302
500	2146121	359	918	1292
501	3069	1008	2117993	709
502	3063	730	2090971	998
503	3690	2071422	1228	14812
504	2705	3138	1516	2073605
505	2769	1110	2072517	570
506	1824	2057689	1070	13448
507	7258	2055959	434	13672
508	2606	659	2065326	385
509	4229	593	2063105	180
510	3584	2061387	287	816
511	2061746	442	2410	369
512	2059918	1728	2133	1348
513	2058753	1439	754	2554
514	471	221	166	2056142
515	2031123	2544	467	4066
516	659	2033637	1493	991
517	1207	457	235	1990911
518	1085	330	1977847	530
519	1221	561	1973894	1645
520	1628	563	1972978	140
521	1969524	2982	489	385
522	1556	1969388	939	687
523	1954826	6615	1225	1750
524	608	143	1959728	1595
525	681	1955017	2629	781
526	1622	536	273	1946732
527	1938419	6192	1442	2517
528	718	1940641	1416	415
529	1936576	891	3600	642
530	1934738	490	1140	3898
531	0	1933522	0	0
532	0	1905677	0	0
533	2441	1	0	0
534	0	0	0	192
535	0	136	0	0
536	0	0	0	0
