pos1	A	C	G	T
1	0	0	2531346	0
2	0	0	2564253	0
3	384	1434	501	2572726
4	144	2576458	274	696
5	106	306	157	2579759
6	346	2580515	726	1753
7	553	417	764	2583042
8	170	2585316	223	1616
9	391	654	188	2587694
10	2165	987	2582848	1883
11	2012	869	2592790	2370
12	241	1802	790	2592674
13	448	651	1053	2599239
14	2559394	647	654	1864
15	3103	558	2596800	1348
16	2600892	1541	1063	1302
17	1356	2600349	786	1097
18	384	2616324	755	1894
19	2604544	1153	443	1166
20	3818	177	2633423	1591
21	2638240	490	409	669
22	207	422	144	2647368
23	410	2657062	430	640
24	206	495	216	2661707
25	3293	586	2656256	2766
26	2657551	453	1963	714
27	7946	450	2644473	10115
28	1768	2656913	1087	5209
29	6877	2666269	528	2477
30	5211	7029	972	2665019
31	8399	1196	2661990	1957
32	7441	562	2665523	5400
33	5873	456	2669986	1972
34	2667807	618	2912	4211
35	14699	1550	2669746	1879
36	4266	2679947	542	4932
37	5192	5433	1387	2685438
38	12128	2694853	914	3615
39	6399	6864	1544	2700218
40	13926	2704716	936	4026
41	13069	13271	2681	2697356
42	8984	1091	2709924	6520
43	14602	3052	2709151	2721
44	4338	2718743	1503	6689
45	6360	7910	913	2721755
46	2727746	749	7808	3664
47	2739549	888	6782	7917
48	4117	2752327	920	3946
49	7635	659	1223	2756518
50	2749708	924	5667	7132
51	7459	1111	2749977	9685
52	1316	647	2765103	3821
53	4567	470	2764806	1636
54	2758241	1079	5862	5575
55	2761188	392	9626	6604
56	1257	2769132	907	8115
57	9952	2768468	630	8799
58	5749	2775628	316	7010
59	2817535	1633	6029	8471
60	3998	2850577	1715	6100
61	13250	10508	1836	2838804
62	17804	2759	2845070	2195
63	3878	2862826	562	5582
64	9265	9766	1674	2859785
65	4005	6999	701	2872284
66	2874803	555	4299	3044
67	2866673	1210	6966	7450
68	7182	975	2873826	1598
69	2426	2873615	712	10358
70	9111	2898083	867	4398
71	8205	8971	892	2899061
72	3740	2911559	230	4897
73	2923998	1076	9257	4195
74	2960160	742	7558	5220
75	1888	4865	127	2969831
76	2967212	424	5100	2925
77	2961509	1818	6867	6931
78	2959647	1427	6572	4938
79	7477	1294	2969877	2426
80	2560	2976743	570	5152
81	6784	7784	1469	2970463
82	7443	11033	821	2968799
83	11688	977	2974636	1229
84	3354	2973195	933	11291
85	8390	2998354	322	4151
86	9405	6221	1516	2995248
87	7099	10249	1360	2996559
88	10256	1043	2997161	3052
89	2981009	1512	7541	10617
90	13793	2329	3013304	2684
91	6904	8204	3469	3012954
92	22562	2288	3015804	2518
93	6716	3026074	1802	9936
94	6073	8095	1058	3032859
95	5114	3034693	491	11449
96	3018789	7555	9663	7456
97	3013289	1926	10900	9157
98	2807232	2332	5126	9143
99	2822	1479	2820858	1466
100	2317	4654	1819	2810413
101	1520250	470	2596	4903
102	5852	1862	1550116	1768
103	3423	6138	1768	1547970
104	7435	1737	1574054	893
105	3996	7109	1385	1571494
106	5389	426	1628811	614
107	3863	5213	1027	1624052
108	5062	790	1639764	1501
109	1920	1637511	845	10597
110	3828	1656032	711	5285
111	5023	1668294	248	7182
112	8591	2114	1715492	1729
113	2730	3793	619	1716518
114	4934	1729947	302	2266
115	4273	4907	1233	1727292
116	7224	2125	1826091	1103
117	5986	5829	1338	1823003
118	4292	6801	1363	1851553
119	9816	2747	1864080	1443
120	4841	7250	1483	1857318
121	5920	658	1881439	512
122	5003	7681	1424	1868608
123	4014	393	1903044	889
124	1926461	1387	5773	5349
125	2911	1946836	930	4765
126	5950	4325	809	1933807
127	8952	1971187	267	3723
128	9280	8362	1223	1964247
129	8496	1763	2008451	6107
130	8808	1215	2046591	1316
131	3472	4931	1343	2042153
132	2071394	362	4654	2669
133	2087622	931	5127	6116
134	1966	2105605	649	2842
135	5663	7118	489	2064778
136	2058871	1129	5888	7768
137	3579	260	2135132	3935
138	2115010	890	5202	4479
139	3252	258	2136125	3121
140	2136917	598	4386	2594
141	3807	4489	395	2130048
142	2886	2143795	478	4047
143	4952	2153398	398	3917
144	7534	2198487	331	4158
145	8674	5705	870	2188654
146	4396	2227647	353	5190
147	2208368	1603	8736	5887
148	4023	366	2225770	2345
149	2186270	3608	4987	3156
150	816	2206948	1101	5474
151	4466	2218390	447	4534
152	8433	2245977	241	3566
153	5254	7398	2203	2245124
154	5087	6184	2121	2276607
155	6594	7305	1199	2275459
156	2514	4271	372	2280595
157	2259820	462	5493	4070
158	3131	1258	2285840	920
159	5074	4943	1121	2251496
160	2828	2270834	895	4556
161	2264294	2042	8791	8945
162	12850	4735	2313378	3758
163	6784	6585	2202	2292111
164	15517	3631	2317840	2115
165	6199	10087	2030	2292596
166	4649	1175	2356930	5323
167	4904	885	2360921	2896
168	2343890	639	8319	6482
169	2345698	1125	8917	5078
170	2352897	1286	4817	4499
171	2352914	696	3297	4417
172	2132	4898	831	2350246
173	3374	2330571	337	3078
174	6542	6123	648	2269520
175	5407	2353839	345	2730
176	9268	8781	967	2333134
177	2345671	677	6374	4280
178	9998	1350	2381983	5736
179	2103	2413287	1565	10359
180	2427008	1766	6171	7943
181	8519	989	2507379	3590
182	5363	8517	1809	2451153
183	5272	320	2392906	2510
184	8487	766	2383331	3047
185	2121	2364336	1344	14750
186	12513	1546	2371637	2907
187	1722	2372545	404	8486
188	7219	2446407	949	6141
189	6003	2464000	311	9525
190	8978	1012	2481681	4877
191	2460543	699	7444	6206
192	2475179	1311	11918	8111
193	918	2503738	2167	7799
194	2432402	2509	7047	7587
195	4523	554	2443460	7437
196	7124	829	2411305	5416
197	6004	961	2407036	2257
198	2422675	1537	6804	8560
199	3437	2501321	692	4525
200	8173	9231	2945	2479458
201	5768	11811	1132	2480372
202	3824	427	2499692	1404
203	2465284	1503	10262	7753
204	2464961	1955	11977	6776
205	2437871	3582	9066	8765
206	5011	442	2438184	4083
207	1903	2432287	1420	9202
208	5876	837	2431687	3172
209	2414815	815	8853	10881
210	2416244	2077	11659	10016
211	2413234	1395	5906	5947
212	2497	714	2438017	1680
213	1712	5781	1530	2379086
214	2435923	656	5279	2893
215	2416290	2248	7765	7568
216	2401520	2418	5782	5127
217	5686	799	2397825	3282
218	1952	2397042	1471	8730
219	8025	2411649	1085	7413
220	2392041	2013	10151	13574
221	5349	279	2461217	6528
222	2437472	1261	4917	5662
223	4919	1082	2439312	9935
224	3387	297	2419844	2119
225	2343615	537	6401	6333
226	3542	447	2400821	2090
227	2377271	776	6810	3707
228	3120	4987	798	2387619
229	4302	2406962	572	4266
230	4794	9750	1425	2371062
231	6785	2475692	490	5030
232	10868	7901	2515	2442868
233	8538	2462902	1877	16621
234	9189	395	2490722	3664
235	2473605	1583	9514	4466
236	4718	2478685	6129	24518
237	21820	2581	2412766	7338
238	3869	2485424	1147	11653
239	2471745	1602	10528	8341
240	6877	1028	2495925	9356
241	4283	257	2498387	1922
242	2472757	2784	8243	8036
243	1771	2546499	2180	11514
244	12549	9383	1158	2474025
245	8425	2485231	992	13599
246	14621	744	2480602	7056
247	12225	2348	2480411	3140
248	4566	2464313	2809	13792
249	18138	15907	6629	2442237
250	18057	18572	4091	2439011
251	32370	4493	2376979	5720
252	11560	2372140	3142	21390
253	9474	8898	1735	2371042
254	4490	456	2379342	2662
255	2366064	1320	7956	5959
256	2318717	2078	8271	6783
257	10196	802	2301261	7623
258	4090	2304165	2593	19532
259	17565	1722	2273786	7157
260	3921	2249759	1286	19103
261	29074	3141	2231491	5161
262	2661	2238905	1593	12949
263	2257387	3772	6578	4478
264	3393	2274098	1911	15027
265	8493	1503	2226432	12005
266	39702	8354	2186493	12090
267	4627	2216161	3733	16714
268	2220842	3242	15108	13773
269	2212824	4272	9754	16647
270	5037	216	2236968	7133
271	2218039	930	5541	5240
272	4789	483	2222215	8601
273	6621	578	2193624	2378
274	2707	2170121	2613	17099
275	18318	411	2176148	6018
276	2172006	2319	7641	18009
277	8082	206	2192372	9769
278	4612	302	2162442	2508
279	4710	531	2116037	4448
280	7614	417	2099239	1951
281	2634	2018391	2888	10987
282	12052	992	2044621	8517
283	6770	671	2049925	1182
284	1871	2032766	1964	11154
285	8436	1916	2053473	2656
286	2048032	1693	4460	4198
287	2837	2078616	711	6033
288	10091	9172	1407	1994042
289	9435	2599	1998497	6256
290	7999	3739	2007275	2240
291	4802	7650	16584	1972407
292	7047	468	1997032	2013
293	1984850	1282	8535	7659
294	5990	1655	2031659	1972
295	3278	4345	8662	1984379
296	1986321	864	8934	2777
297	2392	1988092	1967	14230
298	15093	2255	1947909	2240
299	3115	1939481	1231	8227
300	7753	1965740	488	4726
301	2011606	2980	6364	5306
302	2020792	568	4816	3430
303	2024938	800	2729	2085
304	2022715	616	2531	1875
305	2023411	371	1801	3531
306	2465	2860	493	2018044
307	2642	4242	514	2028395
308	4609	9585	474	2028857
309	4425	9829	616	2025021
310	2967	214	2020233	1276
311	1995986	1657	8996	3571
312	1593	2044046	4081	10575
313	15933	6671	1811	1948208
314	1947193	1030	6871	7304
315	6467	328	1969019	5197
316	2902	1965784	1749	10978
317	5491	1092	1958554	7582
318	3925	262	1965026	2487
319	1905959	519	5636	3638
320	3772	452	1936101	4102
321	10649	1680	1894511	2667
322	2769	1895994	641	6610
323	3868	6696	509	1893515
324	1880014	912	7857	11030
325	3969	651	1918480	4712
326	1898417	929	5682	4211
327	1895206	1732	4156	6255
328	2461	382	1880342	4371
329	3267	307	1839874	2036
330	1758497	641	6636	5339
331	2571	226	1777237	3022
332	1747334	1106	6941	5833
333	2339	110	1766812	4079
334	1738269	1038	6073	4521
335	2799	308	1768933	3236
336	1774966	904	5547	3850
337	3448	4678	692	1778271
338	3979	205	1690075	1192
339	5862	728	1682866	6254
340	7421	1724	1694752	1155
341	6007	7477	7613	1653991
342	5553	767	1688439	1677
343	1726	1685841	973	11747
344	5592	293	1759414	2101
345	1754450	636	4718	5594
346	2694	162	1766832	3560
347	1739477	611	3494	2580
348	2846	197	1718742	1870
349	794	1713756	936	9366
350	5616	1644	1727366	1244
351	4844	6318	1461	1708897
352	3093	1723427	513	6687
353	8675	873	1722773	5849
354	9836	2712	1729822	1811
355	2137	4305	6179	1711154
356	1746660	245	4234	1526
357	3191	4591	428	1746820
358	1736	2393	237	1720801
359	1711955	489	4743	2559
360	1703069	1326	4849	5856
361	4270	339	1698935	3644
362	3027	1691340	1499	12711
363	8283	669	1653272	6377
364	7144	860	1656218	5221
365	6146	823	1630786	5429
366	4768	738	1625733	5349
367	3642	341	1630574	1786
368	1711210	545	5305	4444
369	1874	313	1750866	1305
370	1747320	453	4772	2981
371	1755390	358	4507	2375
372	3227	3598	566	1756442
373	1741	4582	258	1732283
374	1711497	527	4723	4799
375	1745	291	1736936	1237
376	1707448	398	4158	2112
377	2102	2588	223	1712085
378	1711112	442	5502	2017
379	1706089	1563	6482	5868
380	1710960	1165	4613	4219
381	3830	4713	634	1705667
382	3132	261	1657882	1295
383	3107	666	1637095	4421
384	1959	326	1633935	1396
385	1602503	389	4773	2682
386	1604279	975	6278	3905
387	1605923	848	3405	1981
388	1604247	939	2136	1405
389	1598273	953	2481	1129
390	1601900	662	2777	1080
391	4554	2956	530	1593615
392	4572	5721	598	1570090
393	3997	1581414	772	5321
394	4960	610	1556445	4032
395	2755	371	1562520	579
396	3862	6750	761	1541559
397	2315	2924	454	1539406
398	1533929	351	3722	3204
399	1497681	1017	2566	4374
400	2095	171	1488577	3759
401	5520	315	1442911	1729
402	2168	1432589	1069	12216
403	3869	1443367	669	6515
404	1441310	1353	5250	5780
405	7835	1031	1434111	7984
406	6214	515	1424905	5121
407	3778	549	1410911	3853
408	2981	590	1397532	4007
409	3009	514	1391410	1537
410	1370385	474	3373	3397
411	1342175	618	5213	2911
412	1320602	1078	4023	3965
413	1287	185	1325766	1048
414	1317364	376	2540	1306
415	1311156	558	4382	2200
416	1299524	723	4019	1849
417	602	1305103	892	3084
418	1296792	473	3234	1946
419	1275648	284	2731	2671
420	1709	1643	178	1261467
421	1248439	210	1971	785
422	2309	1762	124	1235666
423	1211133	125	1892	946
424	1188136	488	2149	1388
425	1178052	727	1745	688
426	333	1182924	659	948
427	1601	1853	161	1145125
428	1140586	88	2139	462
429	1138729	543	1942	1203
430	1124945	319	1356	587
431	1119814	934	2012	975
432	185	1154023	244	955
433	2074013	472	1704	1019
434	1089	1946	153	2069555
435	2093581	155	3078	2023
436	6173	4755	460	2076998
437	2080823	584	4512	2360
438	2817	567	2083857	3204
439	2779	3701	498	2072520
440	2073832	1363	3903	3907
441	5963	5616	848	2068824
442	4098	294	2036936	1313
443	4729	304	2026336	3728
444	8102	998	1949031	2860
445	1307	1940610	1555	7047
446	1938211	1336	7160	5351
447	1935917	1339	5048	7139
448	6279	739	1782292	3650
449	1364	1779777	1522	9018
450	1777464	1532	5433	5373
451	3071	546	1777657	6074
452	3602	327	1767405	4220
453	3747	279	1763366	2062
454	1754033	502	5073	5423
455	6939	1137	1751961	2543
456	2196	1749825	817	8827
457	2021	5094	529	1749280
458	1746500	672	6271	3975
459	2522	405	1749373	3652
460	1739605	887	5152	4770
461	1733704	1668	7315	3700
462	1190	1733323	2070	9483
463	4884	246	1732425	1909
464	1730271	247	3834	2790
465	2834	3490	443	1729644
466	4463	3586	307	1720959
467	3513	1719669	514	6665
468	9055	1154	1714559	2286
469	2098	1717916	840	6457
470	1713723	1142	5265	7193
471	4449	1164	1717872	2029
472	3328	4880	388	1707986
473	1640	2560	271	1702520
474	1701553	147	3163	2128
475	1701232	462	3409	1652
476	1969	2593	397	1697078
477	2169	1692942	526	4355
478	9749	1680363	2070	6558
479	4648	5698	662	1680435
480	4986	216	1681659	1431
481	6967	770	1675041	2162
482	933	1674531	683	7370
483	4094	1675599	259	3251
484	3001	3713	1767	1661851
485	2576	2203	1415	1677637
486	2952	3414	1206	1677030
487	1199	2566	165	1680247
488	1676313	424	3946	3118
489	1230	223	1677906	2562
490	1663942	705	3724	3269
491	883	320	1664849	1859
492	1657603	960	1451	372
493	1314	1651077	409	6095
494	1650287	828	782	1081
495	623	1802	531	1646684
496	2007	1640401	436	6997
497	1644193	777	1894	711
498	1841	662	1641226	3026
499	1639108	3439	767	454
500	1640444	689	1170	2217
501	885	539	1631441	1878
502	1133	391	1622562	744
503	1612	1611021	681	9348
504	942	903	318	1617033
505	1795	828	1616556	495
506	986	1608251	385	8664
507	1783	1611378	388	7664
508	2097	308	1616962	573
509	3762	515	1616110	195
510	3011	1616424	230	752
511	1617376	380	2086	339
512	1616824	1553	1874	1060
513	1617336	1121	629	1988
514	407	214	179	1618141
515	1607382	2153	404	3246
516	526	1609737	1426	810
517	1060	386	217	1596433
518	1019	262	1591327	523
519	882	563	1590341	1339
520	1185	553	1591062	123
521	1588479	2566	445	307
522	1180	1588704	863	557
523	1581044	5399	1074	1406
524	516	118	1586111	1306
525	524	1582483	2228	650
526	1318	497	307	1577019
527	1571027	4957	1110	1967
528	556	1572634	1276	363
529	1569523	721	3109	595
530	1568070	387	987	3376
531	0	1567600	0	0
532	0	1545666	0	0
533	1491	0	0	0
534	0	0	0	151
535	0	114	0	0
536	0	0	0	0
