pos1	A	C	G	T
1	0	0	2562429	0
2	0	0	2594992	0
3	387	1348	463	2603246
4	164	2606928	288	663
5	93	297	148	2610495
6	306	2611654	651	1603
7	499	508	720	2613799
8	186	2616311	206	1474
9	388	672	214	2618339
10	2198	862	2613773	2028
11	1969	884	2623515	2472
12	223	1767	767	2623224
13	483	660	1056	2629870
14	2590133	588	652	1797
15	3045	486	2627781	1354
16	2631778	1586	976	1210
17	1367	2631355	741	1002
18	384	2647090	716	1788
19	2635536	1124	448	1119
20	3786	138	2665509	1533
21	2670488	436	397	606
22	227	361	135	2679238
23	370	2689400	387	609
24	181	482	182	2693826
25	3288	504	2688654	2473
26	2690153	417	1758	595
27	7326	482	2678486	8856
28	1476	2689868	942	5083
29	7085	2698573	574	2729
30	5610	6754	1042	2697592
31	7530	1149	2697386	1359
32	6552	698	2699353	5246
33	5292	437	2704046	1529
34	2701433	636	3013	3629
35	11708	1394	2706061	1536
36	3080	2714207	452	4760
37	4028	4698	1178	2719782
38	8764	2730503	819	3500
39	5614	5797	1455	2733807
40	10621	2739452	853	4105
41	11446	13836	2110	2730223
42	8614	1073	2742509	5852
43	14535	2758	2740755	2654
44	4187	2748788	1644	7792
45	6502	7584	814	2752973
46	2759875	669	7261	3169
47	2771040	774	6254	7335
48	4186	2782431	830	3870
49	8252	657	1024	2785715
50	2780337	766	5935	6349
51	7864	1377	2778423	10459
52	1290	565	2795411	3474
53	4713	453	2794110	1718
54	2789070	777	5602	4808
55	2789428	455	9701	6562
56	1696	2796982	1189	8669
57	9260	2797833	681	9233
58	4802	2805401	352	7460
59	2844262	1906	5748	7798
60	3902	2874880	1613	6430
61	14047	10135	2041	2855932
62	18159	2380	2861415	1677
63	3979	2877301	437	6070
64	9543	9826	1720	2873589
65	4036	6779	756	2886302
66	2888145	537	4691	3483
67	2879629	1209	6857	8343
68	7707	995	2884134	1373
69	2592	2882461	739	11297
70	7658	2906140	773	5011
71	8753	8576	1017	2903720
72	2737	2917661	256	4533
73	2927694	1188	8059	4370
74	2960781	545	7808	4517
75	2012	4622	173	2967570
76	2963178	530	5048	2669
77	2955890	2160	6991	7557
78	2952044	1878	6828	4988
79	7540	851	2961007	1972
80	2478	2965694	536	5559
81	8385	7242	1241	2956352
82	7158	10308	883	2954695
83	12401	971	2956184	1046
84	3126	2954889	1062	11122
85	8707	2977237	367	4110
86	9414	5971	1406	2973747
87	6712	9706	960	2973586
88	9640	963	2971840	2877
89	2956488	1134	6902	10612
90	14546	2316	2983302	2705
91	6420	6388	3078	2970942
92	19104	2039	2960492	1931
93	6545	2965080	1660	10258
94	6503	8351	1041	2969534
95	2606	2975773	443	10144
96	2957247	6642	9725	7240
97	2952477	1691	10493	9428
98	2773108	2042	5460	9340
99	3685	1618	2784596	1478
100	2646	5432	1683	2762142
101	1686310	435	3116	4187
102	6171	2243	1711228	1688
103	3971	5753	1718	1703537
104	8811	1526	1721443	810
105	4280	5707	1250	1719314
106	6266	333	1766513	633
107	4142	4110	946	1760643
108	6041	789	1760957	1621
109	2258	1757586	1074	11574
110	4070	1775180	421	5122
111	4974	1785009	278	7556
112	9415	2281	1825544	1822
113	2973	4076	583	1821356
114	5753	1832641	322	2561
115	4136	5370	1226	1828036
116	8002	2572	1910568	1083
117	6204	6005	1293	1906165
118	4612	6990	1242	1927818
119	11662	3002	1933151	1473
120	4976	6950	1315	1927880
121	6668	796	1942310	703
122	4861	7111	1302	1924797
123	4286	294	1946640	877
124	1961536	1506	5742	5308
125	3499	1978164	890	5428
126	6310	4166	719	1949328
127	7835	1981561	306	3685
128	8198	7384	1298	1971901
129	7401	1283	2006108	5142
130	7849	1151	2033813	1264
131	3209	5022	1067	2024179
132	2047543	380	4417	2656
133	2060572	831	5174	6149
134	2113	2076573	502	3387
135	4966	7064	471	2015345
136	2007590	993	5637	7360
137	3393	195	2068535	3182
138	2043978	726	4561	4260
139	2873	250	2061704	2817
140	2053704	612	3904	2235
141	3662	4150	431	2039406
142	2077	2038229	442	3738
143	3524	2046411	389	3547
144	6432	2087681	340	3676
145	7490	5340	883	2074467
146	2811	2104152	418	5058
147	2080671	1632	7882	5272
148	3970	464	2093524	2317
149	2038033	3137	4992	2983
150	873	2054099	1173	5962
151	3642	2062299	546	4173
152	5894	2089441	222	2904
153	5624	7351	2354	2083918
154	5287	5960	1958	2110912
155	6610	7624	1167	2108346
156	2040	4966	395	2111476
157	2093513	360	5043	3627
158	3458	1425	2111377	875
159	5463	4756	1001	2067883
160	2493	2083842	899	4918
161	2077327	1601	7987	8388
162	12244	4509	2122541	3449
163	5969	6269	1989	2095588
164	14281	3436	2115017	1960
165	5684	8788	1699	2085343
166	4564	1052	2132356	5171
167	4456	762	2134019	2681
168	2117391	480	7586	6311
169	2122918	987	7516	4055
170	2128191	1335	4023	4101
171	2127341	614	3075	4172
172	1699	4552	686	2123131
173	1742	2103855	318	2454
174	5831	5511	769	2041742
175	2945	2111283	302	2557
176	7827	7369	902	2088910
177	2095838	550	6284	3662
178	8323	1117	2124180	4497
179	1776	2143943	1714	9868
180	2156601	1411	6111	6848
181	7269	1003	2231063	3589
182	4689	7372	1488	2173739
183	4644	245	2108315	1817
184	7366	445	2098947	1942
185	1958	2080080	1137	14570
186	10785	1427	2087560	2505
187	1762	2087325	389	7604
188	5695	2150474	782	5325
189	4119	2166976	295	8229
190	7505	705	2186699	3787
191	2167488	592	5604	5285
192	2180643	911	9107	6734
193	830	2204593	1661	7168
194	2137963	1579	5840	6384
195	3432	477	2144602	5082
196	5079	476	2112030	3683
197	4513	538	2106411	1654
198	2117621	1289	6430	6646
199	3153	2194159	628	4286
200	7162	7600	1672	2177559
201	4821	9593	928	2176969
202	3643	375	2191727	983
203	2163847	743	8529	6201
204	2163777	1810	8340	6755
205	2142521	2140	7157	7045
206	4661	481	2139169	3778
207	1874	2131498	1346	9771
208	4994	805	2133905	2547
209	2122281	565	6451	8511
210	2126720	1372	7487	7914
211	2123309	1533	4313	6078
212	2657	665	2147945	1243
213	1611	4005	1268	2096386
214	2142101	384	4677	2216
215	2125487	1878	6908	6515
216	2112031	1932	5366	4607
217	6329	864	2107284	3294
218	1872	2107256	1200	8933
219	4432	2126855	761	5648
220	2111465	1636	7515	9249
221	4091	208	2170240	5205
222	2148548	781	4499	4470
223	3802	629	2153759	6814
224	2844	240	2135187	1722
225	2068959	672	5847	5461
226	3271	444	2124581	1665
227	2108370	604	4306	2075
228	2733	4239	514	2117300
229	2261	2138384	310	3628
230	4882	6105	921	2108486
231	4206	2200460	583	4019
232	8945	6613	1374	2171672
233	4598	2194728	1245	8545
234	6689	341	2211554	2194
235	2194805	1440	6946	4817
236	1750	2216413	2599	10355
237	13654	1657	2151527	3945
238	1340	2208606	440	6633
239	2192606	1366	7503	6697
240	5708	566	2215882	6978
241	3474	226	2216932	1304
242	2200258	2052	4901	3584
243	1174	2269522	1563	6577
244	6324	6294	908	2209589
245	3925	2220133	464	7600
246	8642	401	2215534	3604
247	9754	1717	2209760	2214
248	3290	2199731	1109	8307
249	10685	8524	2278	2189063
250	7057	9181	1167	2188561
251	11781	1921	2135897	2415
252	4313	2127430	1480	9485
253	4706	9132	746	2113319
254	3239	295	2118864	1455
255	2105341	1008	6533	6096
256	2064448	1376	5463	4648
257	4647	317	2054043	3260
258	1685	2057246	1554	10555
259	7869	799	2034246	2389
260	1317	2010380	671	9190
261	12433	1422	2002502	2170
262	1507	1997848	711	6715
263	2007656	2401	5992	4273
264	1943	2026874	914	10571
265	8293	675	1986077	5145
266	13923	2421	1978326	3573
267	1579	1983662	1352	7841
268	1990525	1095	6969	6184
269	1980032	1683	6170	8902
270	2720	127	1995225	3787
271	1975846	780	4248	4284
272	3436	371	1981711	6780
273	5578	507	1955450	1675
274	1888	1939141	1630	11607
275	7309	235	1951436	2212
276	1948079	735	4921	6385
277	3709	142	1962150	4304
278	3869	233	1928870	1873
279	4335	410	1887464	3415
280	5951	372	1874078	1346
281	1653	1807034	2282	7414
282	7089	646	1832166	6043
283	5254	394	1834138	1226
284	1553	1821860	1490	8383
285	5681	864	1843825	1470
286	1837464	1103	3264	4041
287	2850	1866016	631	6036
288	8394	6614	1277	1796290
289	7438	1938	1801902	4705
290	7826	2265	1809368	1490
291	4717	6472	15522	1775122
292	5877	478	1801358	1860
293	1791984	933	7110	6473
294	5538	1557	1833790	1901
295	3350	3483	8149	1790911
296	1798267	652	5263	2334
297	2023	1797211	1781	13257
298	12152	1932	1763928	2252
299	2327	1758900	949	5870
300	5279	1785315	387	3800
301	1825225	2535	5100	4944
302	1834222	455	4538	3111
303	1838475	631	2354	1827
304	1836867	581	1992	1601
305	1837547	243	1499	3462
306	2322	2342	545	1833232
307	2220	3978	513	1841163
308	4101	8069	496	1842558
309	4079	8959	462	1837573
310	2564	137	1833357	979
311	1814161	1247	5581	3350
312	1281	1862656	2800	7606
313	7294	4613	1047	1781270
314	1774535	668	5503	4786
315	4893	288	1794834	3855
316	2182	1791310	1308	9729
317	5480	667	1785728	5676
318	3147	206	1791856	1782
319	1738933	506	4817	4003
320	2948	464	1768234	3400
321	7574	1108	1733240	1621
322	1938	1733649	540	5111
323	2225	4614	310	1734490
324	1727564	648	5870	6190
325	2707	417	1762295	3269
326	1741564	710	5348	3809
327	1741085	1463	3686	5655
328	2356	361	1728953	3772
329	2924	249	1691984	1675
330	1623280	536	5366	4971
331	2330	170	1641095	2816
332	1615491	869	5892	4609
333	2082	100	1633205	3654
334	1608972	814	5192	3461
335	2278	305	1637696	3069
336	1645010	678	4266	3074
337	2868	3911	582	1647663
338	3234	168	1566864	1077
339	4254	612	1562994	4441
340	6128	1154	1575784	1042
341	5275	5575	6363	1541697
342	5592	563	1569269	1720
343	1673	1568878	890	11505
344	5214	299	1664401	2263
345	1664744	520	4710	5365
346	2384	176	1678668	3273
347	1655304	477	3252	2103
348	2910	174	1637702	1866
349	836	1633575	742	9018
350	5038	1553	1653711	1292
351	4616	5630	1356	1637930
352	2362	1653091	508	5852
353	8300	823	1652049	5337
354	9182	2816	1661070	1510
355	1793	4110	5205	1646739
356	1690740	200	4060	1444
357	3329	4476	448	1693477
358	1514	2386	179	1670927
359	1663237	488	4573	2670
360	1658168	1360	5395	6035
361	4092	262	1656753	3512
362	2723	1651768	1558	11417
363	7940	742	1619048	6629
364	7183	921	1622896	5850
365	6241	932	1600559	5219
366	5199	735	1596615	5267
367	3607	342	1603388	1785
368	1681394	589	4836	4298
369	1702	243	1731093	1015
370	1728972	433	4204	2646
371	1742498	393	4360	2352
372	3395	3271	495	1745697
373	2084	4003	284	1724033
374	1706466	467	4679	5405
375	1478	257	1743670	1362
376	1716998	340	3910	2040
377	2091	2849	206	1727573
378	1729472	493	5212	2029
379	1726966	1857	6557	6414
380	1735824	1135	4584	4275
381	3856	4806	527	1733565
382	3774	432	1689929	1342
383	3242	681	1668988	4767
384	2050	411	1666930	1320
385	1640854	368	4911	3093
386	1654428	966	6410	3861
387	1659843	859	3035	2157
388	1659286	850	2126	1772
389	1654730	867	2800	1411
390	1660009	733	2641	990
391	4490	2806	392	1652546
392	4663	5776	538	1630420
393	3267	1646107	780	5552
394	4930	642	1627294	4262
395	2834	320	1638368	547
396	4017	7183	870	1620055
397	2444	3408	464	1619864
398	1615417	390	4109	3251
399	1585204	1198	2832	4698
400	2418	136	1580137	3674
401	6005	288	1538963	1865
402	2182	1529639	1075	12137
403	3292	1546713	716	6753
404	1549116	1498	5596	5934
405	8061	1358	1546639	8948
406	7404	639	1540391	5265
407	4197	519	1530237	4063
408	3401	555	1520061	4234
409	3251	541	1516477	1616
410	1499343	519	3686	3624
411	1481990	833	5610	3106
412	1466934	1046	4485	4799
413	1468	174	1477085	1284
414	1468573	404	2938	1727
415	1461974	740	4798	2566
416	1452817	670	4624	2196
417	567	1463007	821	3759
418	1456698	645	3797	2227
419	1444505	280	3250	3230
420	1743	1834	159	1435114
421	1429914	148	2515	946
422	2505	2118	144	1420058
423	1398959	221	2426	1164
424	1378936	480	2638	1785
425	1371081	715	2152	781
426	375	1386804	893	1262
427	1740	2002	220	1352286
428	1347237	139	2344	448
429	1346318	614	2391	1477
430	1334057	362	1917	764
431	1330401	944	2607	1270
432	232	1366428	335	1276
433	2148121	585	2484	1231
434	1169	2401	214	2146032
435	2168143	186	3224	1988
436	5962	4838	506	2154601
437	2157663	716	4850	2357
438	2860	454	2171495	3417
439	3284	4280	528	2161045
440	2175730	1209	3987	3849
441	6059	6184	716	2179948
442	4253	219	2154891	1086
443	4511	320	2143581	3582
444	8046	1074	2033373	2967
445	1458	2025017	1448	6392
446	2027545	1065	7246	7085
447	2030987	1222	4679	7030
448	5624	769	1870903	3669
449	1551	1869291	1277	8213
450	1866679	1598	5650	5528
451	3184	387	1868955	6889
452	3581	280	1860979	3901
453	3814	295	1857784	1952
454	1848135	564	5375	5972
455	7201	996	1852494	2785
456	2476	1851198	811	8868
457	2211	5186	515	1851856
458	1849607	484	5935	4483
459	2848	496	1855053	3550
460	1846478	1020	4822	4549
461	1840840	1656	7422	3835
462	1197	1840834	2249	10175
463	4786	263	1842387	1752
464	1839837	356	3519	3421
465	2984	3885	500	1839948
466	5249	3724	383	1831383
467	2645	1832053	382	6473
468	8729	1022	1826836	2232
469	2196	1829557	951	6586
470	1825482	1157	5608	7691
471	4435	1089	1834144	2020
472	3924	5215	467	1823421
473	1601	2607	236	1819714
474	1818094	200	3542	2390
475	1819561	416	3797	1917
476	2341	2408	402	1816362
477	2052	1812938	603	4511
478	8545	1801830	1942	7212
479	4654	6243	740	1800803
480	4931	215	1802454	1478
481	7552	749	1795570	2059
482	1208	1793704	780	8288
483	3457	1796324	265	3645
484	3389	3350	1723	1782030
485	2960	2114	1350	1797493
486	3641	3411	1220	1796151
487	1120	2673	176	1799918
488	1795607	458	4253	2958
489	1338	139	1797803	2218
490	1783070	741	4178	3407
491	1085	308	1784183	2016
492	1777083	1051	1531	514
493	1387	1770197	488	6772
494	1769731	822	933	1168
495	663	1582	503	1766445
496	1262	1759570	452	7925
497	1763152	720	2128	722
498	1665	762	1760374	3086
499	1757870	3095	865	572
500	1758168	809	1292	2417
501	961	491	1749212	1703
502	1340	362	1739606	649
503	1706	1726383	568	10668
504	1063	783	376	1733268
505	1619	764	1732777	456
506	1036	1724010	349	9105
507	1314	1727351	248	8007
508	2095	272	1732920	514
509	3629	525	1731375	186
510	2904	1731363	234	750
511	1732225	320	2115	331
512	1731356	1560	1935	1156
513	1731728	1182	634	2213
514	367	228	177	1732782
515	1720747	2198	373	3539
516	561	1723378	1343	891
517	1165	412	220	1707441
518	1008	276	1701544	517
519	872	509	1700468	1477
520	1138	485	1701323	160
521	1698576	2606	410	335
522	1273	1698682	862	600
523	1690356	5641	1121	1449
524	464	141	1695619	1406
525	550	1692060	2316	640
526	1357	503	302	1686757
527	1679918	5230	1306	2089
528	563	1682042	1346	359
529	1678934	721	3141	606
530	1677383	389	970	3506
531	0	1676878	0	0
532	0	1653205	0	0
533	1475	0	0	0
534	0	0	0	150
535	0	115	0	0
536	0	0	0	0
