pos1	A	C	G	T
1	0	0	3116586	0
2	0	0	3146452	0
3	432	1869	555	3158874
4	197	3163857	326	1087
5	78	382	210	3169529
6	388	3170184	729	3306
7	653	639	843	3175322
8	245	3184862	297	2207
9	424	862	240	3192620
10	2606	1289	3188285	2150
11	2391	1118	3199051	2907
12	256	2091	854	3201437
13	552	794	1264	3214404
14	3171827	910	785	1830
15	3707	676	3218992	1865
16	3225301	1922	1139	1580
17	1634	3231824	861	1328
18	476	3255375	830	2258
19	3248619	1257	568	1335
20	4479	182	3287652	1950
21	3295179	573	408	813
22	238	444	164	3311487
23	500	3327837	463	913
24	229	532	246	3338559
25	3960	646	3333801	2886
26	3337772	288	1784	179
27	5163	336	3329580	9042
28	460	3345612	919	1232
29	1565	3369923	572	1085
30	270	1131	527	3377466
31	1142	271	3378913	344
32	1606	353	3378448	428
33	4161	345	3376088	484
34	3376673	543	1085	385
35	928	249	3395825	271
36	565	3398738	330	770
37	127	725	418	3413701
38	2417	3435029	974	996
39	334	972	205	3445463
40	1860	3461041	356	903
41	509	1010	252	3469769
42	1023	209	3472178	199
43	2467	200	3473472	377
44	451	3480128	322	835
45	153	559	274	3498519
46	3506028	344	1176	165
47	3527951	149	354	331
48	515	3540499	264	603
49	414	855	533	3557564
50	3562679	282	769	400
51	1304	321	3568684	591
52	1643	431	3570378	334
53	5833	359	3567971	413
54	3573611	400	898	680
55	3584721	210	578	179
56	870	3591633	274	1117
57	2780	3598276	286	1121
58	5046	3598308	296	1473
59	3662486	525	506	461
60	460	3716999	252	697
61	449	731	185	3717209
62	1552	190	3721164	213
63	353	3730432	230	477
64	138	484	279	3758681
65	436	559	435	3815164
66	3817329	117	436	334
67	3812487	245	339	193
68	580	174	3809508	272
69	820	3814045	299	1251
70	2459	3852911	217	740
71	719	1206	265	3862598
72	2073	3871325	224	1641
73	3920676	458	1358	370
74	4000697	295	434	448
75	445	531	145	4003523
76	4015454	121	1096	146
77	4025084	161	730	255
78	4015725	231	570	158
79	733	124	4027614	487
80	724	4034727	134	690
81	238	496	221	4051464
82	291	769	262	4053853
83	898	197	4047634	545
84	818	4047084	583	3109
85	2462	4086419	260	911
86	530	610	325	4110360
87	233	1109	189	4110056
88	3098	327	4098179	507
89	4087951	369	873	433
90	949	336	4136261	584
91	661	1566	4149	4115149
92	2635	175	4122981	503
93	1716	4125212	1044	1092
94	475	1671	281	4136656
95	2479	4142635	405	4370
96	4196058	2666	1326	324
97	4201471	232	585	403
98	3982708	289	681	404
99	561	114	4000255	306
100	594	985	3133	3973419
101	2690627	219	559	181
102	636	183	2775834	398
103	476	925	2170	2760069
104	1107	206	2794765	455
105	344	632	1875	2792612
106	1099	178	2854632	431
107	377	634	1354	2851693
108	747	293	2853714	674
109	463	2854048	454	4229
110	1079	2883513	296	1069
111	2653	2909591	197	1288
112	1832	269	2975104	421
113	172	599	487	2960247
114	615	2987693	183	744
115	208	755	204	2990086
116	1084	119	3119689	338
117	274	725	643	3119374
118	177	631	216	3149239
119	1099	191	3158175	440
120	422	1141	1289	3151102
121	1003	207	3164111	328
122	317	959	1398	3149245
123	1530	225	3168614	387
124	3194824	1352	1258	534
125	319	3226791	285	650
126	271	535	213	3219060
127	1887	3287091	178	851
128	379	757	275	3297561
129	1290	214	3323365	404
130	925	265	3347028	364
131	430	935	1834	3332356
132	3368067	217	863	187
133	3399648	502	504	483
134	344	3431571	158	551
135	282	807	243	3429387
136	3424148	259	548	435
137	1690	162	3459945	462
138	3424007	212	629	364
139	2362	254	3447361	555
140	3447951	486	609	243
141	338	776	496	3437282
142	1607	3441521	346	2126
143	2493	3461929	370	919
144	3273	3538296	186	898
145	456	1323	339	3535099
146	2528	3562464	363	2392
147	3538984	582	957	299
148	1071	225	3546366	590
149	3478617	4596	1928	809
150	455	3506906	277	1051
151	2534	3527648	317	1872
152	4620	3590479	211	1368
153	505	5267	527	3624414
154	196	450	273	3649669
155	218	452	218	3667162
156	141	525	201	3665994
157	3630487	261	1211	400
158	536	212	3648458	324
159	473	1013	969	3597537
160	899	3615076	314	2133
161	3624990	537	974	495
162	875	143	3697874	576
163	524	1028	1884	3647740
164	1991	276	3693065	568
165	568	2338	2380	3627483
166	1205	385	3688991	550
167	4744	429	3692181	541
168	3687871	354	1770	571
169	3695505	196	1334	384
170	3704057	328	752	195
171	3700628	464	407	445
172	366	715	589	3700432
173	1241	3669341	173	1119
174	382	604	220	3598301
175	1899	3718310	188	902
176	683	725	250	3797059
177	3773659	254	1038	200
178	742	236	3774581	500
179	490	3797886	283	2282
180	3809405	496	895	400
181	829	160	3894597	564
182	709	1176	2371	3823809
183	1489	252	3765750	410
184	1092	241	3758774	673
185	770	3734653	601	6103
186	2000	450	3760017	986
187	740	3750253	360	1427
188	2038	3850889	626	1500
189	3424	3883280	288	1618
190	4216	513	3908389	613
191	3881326	552	769	391
192	3902609	631	756	455
193	394	3936494	352	5700
194	3843422	542	1111	471
195	922	231	3853054	599
196	1238	321	3790204	636
197	1552	183	3774095	553
198	3792978	953	1033	388
199	433	3916296	307	1447
200	352	760	295	3973264
201	326	1412	254	4007988
202	3478	291	3946045	481
203	3920037	262	2065	324
204	3923886	431	1423	482
205	3892280	612	566	495
206	1003	258	3884348	682
207	724	3883327	378	2350
208	3381	403	3885747	399
209	3904940	270	1358	371
210	3921322	228	846	336
211	3902213	267	626	353
212	1421	301	3926063	559
213	994	1032	2671	3864249
214	4020124	163	1381	153
215	4021370	225	1220	188
216	3966739	369	773	386
217	1107	308	3958664	846
218	598	3965767	269	1870
219	2359	4000944	469	1278
220	3999292	587	849	656
221	1933	191	4073760	644
222	4041716	332	867	380
223	1210	245	4050441	552
224	4119	314	4017696	1467
225	3911918	280	1075	704
226	2977	344	3973548	849
227	3957011	732	809	258
228	543	981	623	3980098
229	1594	4014624	268	1127
230	426	1069	495	3994942
231	2527	4157543	338	1106
232	662	766	557	4137452
233	2777	4169328	574	2240
234	1747	169	4181044	478
235	4127418	1608	1007	335
236	450	4171488	1596	1520
237	2671	498	4108098	605
238	467	4179801	190	1318
239	4161113	417	1361	384
240	826	248	4196983	481
241	1706	249	4180807	854
242	4157231	3343	1455	538
243	272	4289585	174	887
244	409	856	470	4207122
245	2755	4220233	306	2770
246	1348	199	4212759	550
247	2356	244	4207510	423
248	389	4187759	308	1221
249	223	587	235	4198697
250	124	820	271	4186269
251	1643	317	4052711	1262
252	425	4100638	464	1466
253	272	1771	414	4084272
254	2473	244	4063636	727
255	4044408	413	1266	341
256	3947365	257	592	349
257	588	161	3931572	2979
258	472	3949478	916	1821
259	1648	537	3909114	491
260	387	3936545	696	1017
261	2237	453	3970846	349
262	625	3953763	553	1842
263	3976364	2625	1271	366
264	518	4021736	245	3021
265	2079	351	3968183	443
266	5398	475	3959346	473
267	544	3953444	532	1545
268	3975105	452	1080	274
269	3958619	193	477	316
270	1366	119	3959536	454
271	3932625	386	1196	315
272	1256	142	3941678	491
273	904	201	3896103	863
274	409	3872216	941	3452
275	1986	230	3958044	448
276	3958261	346	1966	294
277	980	116	3983245	758
278	1555	156	3929603	1611
279	1607	175	3889703	564
280	1042	186	3879376	688
281	860	3771275	3427	5738
282	1888	308	3813606	458
283	1244	239	3803434	890
284	793	3784189	1650	2864
285	1734	285	3817458	551
286	3803246	1236	1891	517
287	295	3852291	308	1310
288	255	1266	275	3765626
289	1865	185	3774335	508
290	1116	259	3777994	567
291	408	1883	30969	3702334
292	3855	246	3754762	451
293	3749113	285	1294	790
294	748	201	3791194	675
295	594	1181	16998	3711571
296	3744401	1376	764	692
297	1148	3755694	420	3117
298	4000	671	3717317	742
299	546	3708822	584	1370
300	4019	3747818	401	1669
301	3816937	3011	1961	619
302	3815598	286	551	288
303	3812756	264	466	117
304	3807728	186	461	136
305	3808199	193	336	1242
306	721	598	337	3807479
307	81	534	269	3829778
308	257	558	160	3845010
309	355	767	144	3820634
310	1461	216	3772650	962
311	3733157	1438	2394	462
312	363	3805431	466	1730
313	478	809	358	3699509
314	3653558	253	712	286
315	510	136	3702112	568
316	520	3689636	308	1588
317	1355	180	3688198	326
318	3277	216	3680381	1110
319	3598858	441	1327	578
320	1308	207	3675367	440
321	1002	253	3679125	782
322	612	3675147	510	1026
323	178	898	330	3674797
324	3858718	164	793	300
325	2207	266	3886469	501
326	3852876	296	1089	556
327	3841423	428	642	496
328	1271	228	3798282	659
329	2480	252	3723140	558
330	3622986	391	1863	690
331	1952	202	3627474	554
332	3588757	434	1908	414
333	2105	246	3593104	527
334	3564145	454	1771	399
335	1675	184	3601645	468
336	3638773	299	878	349
337	461	736	858	3633922
338	1674	152	3566947	613
339	1416	146	3557942	691
340	1405	213	3562247	595
341	623	1281	8290	3509834
342	907	239	3542155	497
343	613	3543929	688	3166
344	2273	271	3688986	742
345	3696448	283	1014	519
346	2531	255	3692658	759
347	3634967	433	918	301
348	569	260	3601393	717
349	633	3599077	610	1746
350	1312	2273	3600307	736
351	349	984	1520	3580760
352	1047	3589328	359	2137
353	2169	226	3593132	938
354	2108	279	3597507	530
355	443	1584	5940	3556239
356	3575361	235	573	207
357	200	376	230	3574376
358	486	512	242	3541788
359	3531229	144	1182	354
360	3360063	368	610	334
361	596	138	3271391	639
362	579	3269383	413	2584
363	1362	159	3231282	600
364	1561	201	3217706	695
365	1927	193	3181067	1504
366	2049	313	3166826	1023
367	4339	309	3163526	907
368	3523950	362	1314	706
369	3963	348	3551247	801
370	3557298	365	1265	506
371	3567118	200	420	271
372	430	520	211	3567656
373	179	560	209	3541280
374	3526958	232	855	463
375	1466	463	3385788	704
376	3318905	164	448	317
377	658	520	240	3315301
378	3314602	187	1375	176
379	3279318	172	520	313
380	3262944	198	302	369
381	480	625	710	3237030
382	1144	157	3177661	474
383	1096	275	3144691	676
384	3032	397	3119921	522
385	3102386	380	1720	437
386	3116579	197	1091	281
387	3115386	144	762	192
388	3114582	279	479	174
389	3111773	207	317	162
390	3113651	210	348	316
391	308	719	743	3106365
392	323	851	517	3080056
393	1465	3090639	394	2899
394	1340	234	3073533	552
395	944	237	3067992	450
396	370	487	385	3052195
397	280	471	288	3041307
398	3039272	216	942	204
399	2994400	256	474	160
400	1262	126	2964386	537
401	1063	214	2908624	698
402	596	2906475	373	1748
403	1729	2915478	255	1214
404	2921141	764	989	475
405	1194	134	2920471	675
406	1686	202	2864807	873
407	1545	239	2837775	618
408	1569	311	2818634	656
409	4985	390	2797750	538
410	2789293	441	1653	687
411	2776238	316	1012	315
412	2762423	290	458	372
413	3865	411	2759711	458
414	2756366	253	776	190
415	2708723	237	422	164
416	2689248	1001	547	210
417	451	2698582	158	997
418	2696716	330	538	205
419	2705881	141	292	312
420	431	382	283	2601418
421	2515606	153	270	258
422	444	423	115	2451628
423	2250183	88	671	70
424	2230123	150	270	127
425	2173292	1600	432	257
426	230	2194631	85	481
427	406	511	290	2155849
428	2156693	88	435	59
429	2153485	139	481	95
430	2130796	294	251	78
431	2125285	1183	482	194
432	259	2152934	136	706
433	2714367	405	362	266
434	200	323	159	2732231
435	2824398	94	363	210
436	565	524	404	2799615
437	2729808	129	738	164
438	562	161	2736136	680
439	346	504	369	2720635
440	2744213	811	507	375
441	361	510	374	2781946
442	1059	123	2740066	348
443	883	141	2723506	571
444	1316	177	2520852	396
445	435	2498053	226	713
446	2508137	133	783	203
447	2503645	78	262	142
448	1101	75	1885097	313
449	192	1894682	231	1011
450	1901152	314	661	943
451	453	51	1901514	310
452	952	68	1888889	368
453	2268	141	1883651	475
454	1882199	124	569	353
455	427	87	1883004	350
456	263	1882824	152	770
457	230	626	289	1887000
458	1888609	84	395	206
459	1142	333	1886027	408
460	1883450	234	369	237
461	1879721	472	590	166
462	226	1879860	142	1126
463	923	126	1874834	332
464	1874646	76	214	151
465	113	271	74	1874930
466	181	227	81	1870113
467	818	1868820	237	987
468	885	211	1867537	400
469	366	1868551	105	946
470	1869459	250	510	226
471	488	97	1869858	349
472	189	239	76	1861358
473	182	448	102	1857128
474	1857126	113	452	194
475	1856369	128	294	121
476	182	374	214	1851979
477	641	1850521	75	676
478	1051	1850000	121	475
479	216	893	103	1845526
480	662	87	1843216	185
481	782	302	1839135	316
482	266	1838046	150	562
483	1100	1836640	188	719
484	87	462	92	1836196
485	52	153	93	1838305
486	92	179	129	1838298
487	197	337	28	1837351
488	1836025	82	513	250
489	553	128	1833311	364
490	1823429	136	488	175
491	669	207	1819597	375
492	1813237	585	391	189
493	1222	1805681	170	6339
494	1807435	549	384	1150
495	381	1400	655	1803878
496	1060	1796181	302	8413
497	1802134	419	1150	232
498	2934	714	1797155	361
499	1791971	3019	930	324
500	1794167	254	795	1054
501	2332	635	1782653	448
502	2733	705	1774652	715
503	2720	1760582	984	11963
504	2098	2131	1084	1766582
505	2370	744	1768016	392
506	1782	1760651	797	6476
507	2015	1758377	434	11449
508	2530	504	1768110	317
509	4012	411	1767487	146
510	3088	1766614	225	666
511	1767602	329	2032	326
512	1766358	1441	1750	1021
513	1765548	1080	565	1988
514	381	173	166	1764847
515	1752415	1997	345	3449
516	613	1754561	1024	792
517	898	367	181	1730613
518	933	231	1721286	422
519	1027	427	1718355	1367
520	1336	448	1717336	120
521	1714290	2593	402	325
522	1282	1714186	800	566
523	1706068	5756	1037	1374
524	498	116	1710821	1310
525	587	1706465	2101	619
526	1519	450	299	1700865
527	1694708	5148	1201	1920
528	630	1695885	1499	369
529	1693620	548	3032	402
530	1691950	340	871	3006
531	0	1689549	0	0
532	0	1664579	0	1
533	5852	4	2	2
534	0	0	0	383
535	0	253	0	0
536	0	0	0	0
