pos1	A	C	G	T
1	0	0	3721155	0
2	0	0	3766795	0
3	476	1939	667	3778285
4	188	3783295	391	1065
5	133	424	213	3788270
6	407	3788618	912	3421
7	702	628	996	3792810
8	212	3796535	269	2864
9	502	989	254	3800970
10	3342	1191	3793757	3015
11	2955	1195	3807807	3684
12	287	2601	988	3808091
13	709	911	1434	3818121
14	3764093	829	929	2392
15	4488	689	3814109	2329
16	3821321	2165	1378	1690
17	1931	3820559	1040	1498
18	478	3844234	1006	2594
19	3829525	1434	589	1446
20	5635	190	3863887	2217
21	3871606	637	519	860
22	287	467	169	3882614
23	571	3894098	557	1027
24	296	642	253	3901010
25	4855	732	3892953	3680
26	3895835	598	2638	778
27	11055	719	3877031	13332
28	2225	3894566	1249	6889
29	10169	3905287	747	4030
30	7649	10158	1595	3903280
31	10468	1261	3903772	1945
32	8696	1029	3906047	8279
33	7905	530	3912902	1996
34	3909098	802	4961	5090
35	16859	1855	3911727	2114
36	4337	3923589	603	6400
37	5384	6832	1622	3929538
38	13226	3940331	1092	4781
39	7905	7917	1870	3945595
40	16977	3951057	1182	5620
41	16725	19741	3176	3938485
42	12425	1456	3956015	8730
43	21350	4171	3953590	3523
44	6392	3966256	2268	10878
45	9112	10611	1101	3972898
46	3981571	797	10282	4309
47	3991554	1344	9916	10731
48	5579	4009786	979	5621
49	10778	1051	1511	4014825
50	4006531	1262	8685	9811
51	10762	1634	4006141	13493
52	2039	773	4028780	4897
53	6843	587	4026680	2435
54	4019340	910	8264	6866
55	4017242	661	13792	9403
56	2326	4029639	1447	9422
57	12531	4027724	1142	11234
58	7028	4037009	475	9676
59	4075896	2357	8061	11343
60	5438	4114137	2313	8262
61	19631	13948	2668	4074704
62	26732	2874	4076662	2085
63	5531	4096712	756	8223
64	13490	13132	2312	4091303
65	5895	9227	995	4114589
66	4116051	511	7257	4781
67	4100684	1625	10007	10950
68	10390	1187	4100744	1802
69	3670	4095264	1018	16488
70	10451	4121558	921	6991
71	11680	12872	1392	4111904
72	4128	4130663	462	6379
73	4141853	1586	11172	6833
74	4183063	784	10045	5959
75	2672	6509	254	4185501
76	4176794	893	7470	3836
77	4167462	2689	10525	9543
78	4155324	2502	9643	6815
79	10965	1415	4160775	2693
80	3633	4166148	697	7941
81	11177	10236	1305	4152169
82	9786	13878	1101	4147135
83	17494	1267	4141783	1288
84	4651	4138147	1332	16152
85	11949	4164974	463	5938
86	12305	7767	1991	4160852
87	9713	12487	1326	4155734
88	12713	1166	4150040	3854
89	4128582	1398	10116	12831
90	19141	3125	4158794	3410
91	10062	8658	4103	4123350
92	23108	2966	4094093	2469
93	8721	4095572	2014	14093
94	9109	11725	1541	4098824
95	5379	4106135	644	14104
96	4090704	8712	13153	9814
97	4086514	2000	13964	11809
98	3843725	2758	8051	12173
99	4793	1991	3858757	2159
100	3755	7219	2141	3816452
101	2290294	499	4237	5186
102	8908	2507	2329107	2242
103	5773	7392	2285	2310246
104	11945	1974	2329337	1046
105	6624	7219	2293	2323516
106	8649	557	2382392	729
107	5840	5022	1317	2373675
108	8406	1186	2368078	1870
109	3473	2362173	1229	16816
110	6101	2386038	499	6582
111	6204	2399606	372	10139
112	12890	2450	2447341	2419
113	4157	5340	965	2438559
114	8265	2451812	454	3642
115	5352	7591	1669	2445875
116	10887	3195	2556801	1448
117	9405	7322	1833	2549206
118	6059	8085	1620	2578969
119	16480	3768	2583264	2008
120	7079	8657	1615	2578151
121	8605	1102	2597278	959
122	6959	8840	1807	2572907
123	5879	414	2603537	1386
124	2624998	2193	7328	6934
125	4436	2646345	1142	6987
126	8181	5876	1124	2608279
127	10109	2656157	279	5167
128	9474	9250	1513	2647134
129	8275	1784	2695760	5966
130	9129	1451	2732562	1192
131	4205	6491	1496	2717379
132	2749788	423	6076	3487
133	2766437	1347	6831	8443
134	2556	2791618	724	4346
135	6232	8143	540	2723570
136	2720802	1303	7363	9414
137	3818	266	2797033	4060
138	2765246	943	5692	5129
139	4104	292	2787652	3371
140	2778219	798	5546	3012
141	4943	6037	600	2759337
142	3099	2762183	499	4863
143	4234	2773227	530	4773
144	8081	2822290	522	5224
145	10018	7521	1137	2804758
146	4702	2846088	521	6323
147	2821583	2055	10216	7131
148	5619	462	2836738	2796
149	2765538	4735	6615	4255
150	1134	2788925	1767	7369
151	4587	2800528	610	5130
152	7974	2836477	287	4230
153	7888	9842	3036	2828677
154	6930	7744	2649	2864059
155	8315	9687	1666	2865652
156	3038	7215	500	2870498
157	2856160	484	6361	5128
158	5471	1980	2879591	1306
159	7646	6663	1373	2819879
160	4188	2856225	1207	7995
161	2850729	2280	11322	11446
162	18780	6450	2907994	5151
163	9106	8767	2656	2870838
164	21322	5353	2895659	2573
165	8324	12511	2598	2852380
166	6461	1529	2920458	7273
167	7294	973	2921767	3616
168	2901139	642	9951	8230
169	2912859	1331	9953	5505
170	2922950	1586	5454	4904
171	2922218	787	3963	5626
172	2502	6069	786	2918105
173	3246	2896546	398	3178
174	7263	7800	887	2824780
175	4443	2932223	368	3606
176	9389	9542	1364	2917801
177	2926464	732	8383	4802
178	11257	1393	2958577	5262
179	2893	2983782	2330	14938
180	3002890	1891	8432	10472
181	11034	1165	3094688	4362
182	6871	9833	2204	3019455
183	6629	359	2949343	2552
184	10634	612	2937959	2808
185	2561	2916078	1436	20023
186	15066	2223	2927142	3443
187	2333	2926494	536	10443
188	7607	3016436	1058	7920
189	5722	3041671	435	10744
190	9875	842	3071672	4798
191	3049154	919	8780	7786
192	3069975	1419	12687	9599
193	1057	3107246	2360	10977
194	3027408	2243	8347	8076
195	4556	606	3044548	6558
196	6619	682	3001677	4591
197	6242	963	2994417	2235
198	3010083	1841	10205	8752
199	4658	3117255	936	6337
200	9580	10350	1708	3105863
201	6350	11594	1235	3114461
202	5191	480	3122535	1658
203	3085676	1141	11687	8798
204	3086487	2608	11592	10316
205	3062606	2568	9247	9872
206	7332	604	3057245	5602
207	2898	3047052	1730	15773
208	7411	1170	3056926	3653
209	3051338	774	8952	11226
210	3064908	1623	9010	10442
211	3066208	1868	6259	8391
212	3819	750	3101770	1867
213	2453	5638	1909	3031932
214	3122030	532	5999	3083
215	3105277	2549	10443	8468
216	3086463	2630	8615	6927
217	9665	1081	3080925	4797
218	2818	3082315	1965	14758
219	5195	3118718	871	7949
220	3099849	2560	10353	13106
221	6009	436	3180925	7577
222	3153691	1085	6362	5182
223	4961	875	3161293	9727
224	4614	397	3134600	2299
225	3044928	852	8133	7767
226	4647	652	3118838	2359
227	3096700	894	4952	2418
228	4010	6096	692	3106829
229	3617	3134443	469	4709
230	6494	6915	1179	3094730
231	6198	3228343	688	4569
232	11883	9047	1616	3189483
233	7410	3228132	1554	9309
234	9063	559	3248458	2707
235	3220878	2013	9008	6446
236	1588	3259839	2404	10503
237	18643	2713	3170754	4148
238	1180	3251497	208	10734
239	3233765	1526	10489	8015
240	6761	656	3269564	8094
241	4418	270	3267770	1612
242	3246528	3278	6330	3590
243	1139	3350066	1470	6663
244	5783	7691	1028	3271682
245	5031	3288350	521	8909
246	8769	423	3284533	3844
247	12075	1874	3275676	2686
248	4068	3261913	1002	10144
249	10495	8973	1086	3255277
250	4561	9019	634	3254571
251	7593	1294	3173454	1767
252	2761	3169996	1317	8886
253	5027	13651	1038	3145158
254	4376	290	3150508	1512
255	3123673	1514	10129	11148
256	3063186	2219	7578	6464
257	4053	277	3054562	2872
258	1499	3059525	1798	11977
259	8222	835	3026300	1683
260	1339	2999848	969	8784
261	13378	1142	2997606	1884
262	1749	2988122	691	8027
263	2998726	2923	8736	6797
264	2390	3032832	1026	14596
265	13496	728	2976382	5318
266	9364	1197	2979585	1709
267	1087	2976367	1000	7736
268	2992147	709	7069	4553
269	2972116	1686	8433	10732
270	3097	137	2993494	3465
271	2961512	1162	5908	6116
272	4331	452	2974740	7789
273	7576	576	2932316	2015
274	2602	2908946	2229	13355
275	6458	352	2940388	1651
276	2933205	467	6767	4063
277	3830	214	2952486	3821
278	5317	217	2900708	2692
279	5962	496	2847346	4405
280	8712	477	2828822	1720
281	3318	2726392	3996	14677
282	8518	710	2766746	7363
283	7146	531	2770148	1838
284	2174	2752427	2149	11950
285	7111	837	2787378	1808
286	2774965	1512	5233	6744
287	4197	2823963	957	8030
288	11309	10412	1816	2726466
289	10655	2502	2735721	6736
290	11428	3028	2747626	1925
291	6981	9049	24404	2692639
292	9548	632	2729757	2351
293	2716018	1213	9999	8630
294	7808	2249	2781162	2474
295	4398	4846	13745	2717694
296	2734066	1063	6378	4220
297	2868	2730150	2636	19206
298	16595	2476	2691941	2905
299	3346	2687122	1246	7229
300	7976	2726528	616	5048
301	2776438	4069	10056	7074
302	2796052	690	6778	4404
303	2801189	794	3697	2954
304	2798755	846	2843	2433
305	2799911	379	2079	4719
306	3305	3267	784	2794414
307	3263	4834	917	2806347
308	5995	10774	604	2804384
309	6567	11414	703	2792876
310	3942	248	2779274	1530
311	2747292	1493	6767	4615
312	1390	2826097	3520	9200
313	6705	5444	1355	2712288
314	2690357	782	6431	5842
315	5803	438	2719831	4467
316	2725	2705624	1739	14259
317	8559	768	2695753	7141
318	4344	275	2701918	2247
319	2619116	830	7076	6564
320	4369	407	2670042	4425
321	10145	1173	2633282	1741
322	2667	2634079	717	6854
323	2190	5550	426	2638959
324	2656892	785	7731	5935
325	3662	650	2700763	3999
326	2668800	1097	8080	5570
327	2660382	2181	5618	8328
328	3537	420	2645648	5307
329	4285	302	2593139	2217
330	2489011	1029	8128	6594
331	3260	234	2514332	3785
332	2478107	1179	7749	6316
333	2796	129	2499811	4491
334	2464826	1009	7887	4857
335	2841	419	2507470	3934
336	2519116	914	6041	4002
337	4357	5705	842	2524223
338	5591	236	2432488	1439
339	6513	761	2423115	6430
340	10559	1541	2436638	1391
341	8859	9990	10782	2382196
342	8560	645	2419140	2491
343	2573	2412392	1435	18619
344	8031	370	2511445	2980
345	2505191	718	6967	7761
346	4023	262	2523109	4571
347	2486061	701	5567	3020
348	4020	240	2466419	2484
349	1433	2458025	1197	13271
350	8301	2130	2488032	1561
351	6459	8295	2323	2464026
352	3788	2480727	607	8514
353	12008	1122	2476976	7876
354	14617	3697	2488419	1832
355	2791	6064	8378	2467960
356	2537345	284	5358	2295
357	4585	5580	711	2541868
358	2320	3576	315	2513530
359	2501452	588	6367	4056
360	2461688	2088	8601	8520
361	6855	423	2446107	5011
362	4545	2439221	2074	17265
363	12117	1293	2397852	9341
364	9953	1114	2404479	6850
365	9619	1571	2374201	7428
366	7033	1083	2369518	7350
367	5329	365	2375349	2294
368	2463121	820	7150	6135
369	2529	400	2535010	1110
370	2530274	628	6571	4214
371	2551209	566	6026	3214
372	4734	4867	770	2556812
373	2626	5836	394	2534948
374	2506290	666	6415	7951
375	2472	340	2538650	1668
376	2501460	569	5376	3244
377	3059	3496	324	2542687
378	2545489	725	7938	3227
379	2532543	3037	10543	12250
380	2544326	2186	6848	7986
381	6581	7957	788	2543543
382	6778	557	2490703	1711
383	4699	977	2453144	6924
384	2872	556	2446965	1894
385	2409266	563	6339	4080
386	2427641	1151	8436	5558
387	2433300	1018	4590	3151
388	2432416	1037	3017	2340
389	2425113	975	3588	1734
390	2429159	1111	3909	1514
391	6100	4021	583	2420864
392	6222	8535	753	2392843
393	5517	2414166	1021	8050
394	7297	849	2383632	6275
395	3981	418	2401827	772
396	6505	9978	1316	2375656
397	3656	4617	652	2378587
398	2370127	691	6265	4844
399	2316815	1664	4088	6704
400	3922	210	2312160	5135
401	8555	409	2267064	2226
402	3042	2252288	1581	17336
403	4645	2280112	986	8637
404	2281761	1965	8508	8599
405	11456	1806	2283464	12344
406	10645	913	2273554	7056
407	6235	688	2262139	5762
408	5253	605	2251234	6081
409	5592	861	2246258	2122
410	2220209	897	5790	5922
411	2194544	1193	8614	5027
412	2177270	1290	6578	6701
413	2330	285	2196300	1937
414	2187778	411	4477	2574
415	2175688	1099	6959	3998
416	2166706	1030	7389	3223
417	852	2189434	1422	5424
418	2186278	783	5752	3526
419	2183064	546	4531	4781
420	2691	2264	286	2167079
421	2161111	221	3283	1420
422	3917	3047	204	2148561
423	2088307	280	3592	1821
424	2060927	805	4258	2303
425	2049250	998	3263	1171
426	580	2084767	1351	1832
427	2581	2831	251	2046960
428	2041597	207	3453	761
429	2041400	803	3345	2394
430	2023018	612	2807	1159
431	2020363	1326	3577	1972
432	375	2080337	579	1757
433	3257771	963	3590	2106
434	1932	3593	247	3273031
435	3353548	267	4444	3066
436	9188	7533	682	3341500
437	3336229	760	6729	3791
438	4459	679	3366916	5454
439	4357	5955	692	3356115
440	3391850	1774	5992	5833
441	8874	9226	1025	3412544
442	6836	370	3390134	1369
443	7371	502	3378189	5507
444	12607	1340	3269109	4150
445	2228	3263678	2581	10006
446	3276865	1479	11709	12305
447	3291356	1997	7279	10977
448	9688	1277	3089897	5624
449	2545	3096468	2229	12915
450	3101467	2218	9246	9211
451	5498	771	3109209	11142
452	6589	389	3102355	6604
453	6492	399	3103233	2743
454	3089616	1013	9079	9305
455	11762	1744	3103310	3923
456	4135	3102536	1383	14935
457	3375	8576	829	3115792
458	3113286	833	10451	7407
459	4589	721	3128926	5886
460	3119648	1261	8201	6803
461	3113596	2695	12430	5839
462	1827	3116187	4322	16431
463	8004	377	3124136	2787
464	3123038	654	6218	5412
465	5233	6192	795	3125271
466	8454	5974	604	3116359
467	5403	3117224	678	10326
468	14497	1742	3111629	3495
469	3727	3118047	1612	11097
470	3114042	1769	9980	12949
471	7147	1779	3140530	3296
472	6266	9143	744	3125985
473	3034	4825	273	3127750
474	3126516	335	5354	3899
475	3133817	569	5929	2852
476	3564	3967	607	3130465
477	3700	3126366	862	7985
478	15128	3110108	3121	11278
479	7525	9970	1049	3112104
480	7800	379	3115997	2082
481	11628	1219	3106743	3161
482	1840	3103173	1341	14241
483	6374	3107579	366	5795
484	6067	5646	2706	3085059
485	5458	4021	2441	3109253
486	5941	5765	2108	3107676
487	1901	4727	288	3113583
488	3106559	820	7010	5160
489	2515	228	3110043	4004
490	3088858	1217	7480	5914
491	1849	509	3094255	2517
492	3084869	1721	2773	928
493	2403	3074191	817	11505
494	3076631	1325	1651	1879
495	986	2754	760	3072356
496	2855	3059155	778	13625
497	3067231	1111	3332	1123
498	3016	1085	3061746	5062
499	3057206	5228	1516	1013
500	3058329	1338	2041	4236
501	1548	933	3047445	2724
502	2605	581	3035840	788
503	2821	3015590	894	16962
504	2005	1378	491	3027416
505	3147	1166	3026820	490
506	1541	3011976	699	14629
507	2783	3017195	475	12711
508	3389	543	3026485	729
509	6400	784	3023640	250
510	5330	3022997	390	1296
511	3024558	555	3581	569
512	3023361	2366	3226	1913
513	3023646	1938	1089	3616
514	706	366	242	3025691
515	3006976	3531	631	6057
516	1139	3010632	2116	1514
517	1687	654	334	2970206
518	1838	466	2953764	851
519	2073	890	2950715	2310
520	2828	903	2950749	204
521	2947217	4001	699	528
522	2279	2946552	1492	1030
523	2933007	9729	1779	2439
524	984	225	2941384	2474
525	1041	2934878	3920	1107
526	2405	771	393	2926421
527	2914718	8868	2044	3654
528	1148	2918295	2295	580
529	2913180	1173	5419	1017
530	2910199	674	1655	6077
531	0	2909726	1	0
532	0	2869606	0	0
533	5324	0	0	0
534	0	0	0	1042
535	0	759	0	0
536	0	0	0	0
