pos1	A	C	G	T
1	0	0	2895484	0
2	0	0	2930438	0
3	398	1612	503	2939306
4	144	2944250	266	712
5	99	354	152	2948823
6	301	2951340	685	1373
7	541	451	754	2954004
8	184	2959944	230	1352
9	386	726	185	2963782
10	2577	1141	2959443	2322
11	2247	1003	2972378	2817
12	247	1983	774	2973355
13	570	682	1064	2982936
14	2941660	765	672	2138
15	3402	571	2985691	1683
16	2990895	1795	1036	1585
17	1499	2996701	705	1157
18	325	3017028	698	2049
19	3008340	1064	505	1327
20	4296	150	3046581	1764
21	3053130	518	369	767
22	184	374	125	3067717
23	389	3084940	409	756
24	214	493	191	3092513
25	3696	639	3087743	3027
26	3090538	439	2124	770
27	9107	467	3077751	10625
28	1926	3092872	922	6369
29	8268	3113074	556	3979
30	5949	8703	1370	3115103
31	8232	1125	3117899	1568
32	7370	724	3121080	6189
33	6009	392	3128033	1895
34	3126260	735	3865	4006
35	14696	1530	3134154	1894
36	3781	3146006	460	5489
37	4592	5734	1328	3156869
38	10504	3178502	776	3424
39	6241	7112	1492	3183900
40	12707	3199005	686	4522
41	13382	15592	3110	3190289
42	10319	1007	3207248	6482
43	17101	3296	3207256	2985
44	5391	3221101	1568	8041
45	6438	8261	674	3232758
46	3242618	671	8530	3717
47	3262354	1199	8091	8361
48	3961	3284216	659	4301
49	8075	823	1286	3293998
50	3290963	957	6782	7329
51	8253	1147	3294874	10847
52	1777	711	3312754	4191
53	5607	504	3313826	1658
54	3308351	782	7081	5622
55	3313299	676	11806	7288
56	1803	3327677	1284	7822
57	10794	3329688	850	9297
58	6121	3339989	400	7814
59	3393449	1746	7421	8978
60	4069	3447657	1731	7323
61	15173	11847	2002	3431323
62	22355	1824	3440327	2046
63	3777	3465289	505	6154
64	9486	9533	1402	3471496
65	4702	6578	754	3500185
66	3502706	431	6020	4132
67	3494891	1293	8020	8867
68	9306	1281	3500079	1683
69	2987	3502708	1001	11719
70	9136	3537861	704	5464
71	9643	9089	1270	3538716
72	3458	3557642	254	5772
73	3581911	1556	10897	5504
74	3644821	467	8509	5050
75	2131	5430	185	3654250
76	3654127	522	6258	3269
77	3650725	2424	8747	7672
78	3647897	1825	7657	5989
79	8647	1026	3663816	2026
80	2687	3672083	525	7008
81	9181	8350	1374	3668229
82	7642	10927	1056	3671182
83	15916	1308	3669839	1281
84	4492	3671589	1074	13280
85	10455	3709634	339	5172
86	10376	6581	1735	3713922
87	7253	11390	1335	3714316
88	9966	942	3714097	2892
89	3698929	962	9244	9802
90	15074	2571	3742116	2773
91	8398	8676	3915	3722895
92	16820	2096	3724472	2897
93	7433	3726691	1450	13018
94	8132	10944	1190	3734211
95	4503	3744755	505	14070
96	3745342	8586	11794	9561
97	3752964	1688	12959	9881
98	3603250	2666	6661	11006
99	4129	2172	3626961	1851
100	3522	8720	2709	3591772
101	2602184	603	4591	5861
102	9002	3390	2658336	2018
103	6075	7883	2745	2643675
104	12794	2365	2675388	1136
105	7529	8494	2271	2670964
106	9134	403	2735675	876
107	6690	6367	1474	2728053
108	8388	1268	2729512	2501
109	4336	2720231	1364	20623
110	8093	2752728	524	5560
111	7777	2766671	559	12970
112	13385	2815	2826204	3124
113	5543	5706	1070	2816972
114	10950	2834962	414	4502
115	5722	9991	1976	2830867
116	12352	3391	2942573	1403
117	11573	9219	1702	2933797
118	6931	9097	1658	2961605
119	20832	4307	2964366	2177
120	7164	7867	2520	2965214
121	10165	1168	2985239	1051
122	8518	9251	2055	2959142
123	6668	436	2985029	1387
124	2998647	2112	8739	7567
125	4625	3028207	1652	7743
126	9835	6386	1482	2992556
127	10386	3046456	510	4518
128	8380	9320	1566	3040981
129	8412	2150	3075245	5928
130	9640	1444	3103725	1454
131	4124	7223	1899	3085073
132	3114207	467	6809	3754
133	3134092	1189	8589	9353
134	3073	3168359	698	5236
135	6373	9085	768	3105981
136	3095018	1237	8064	9646
137	4309	334	3153844	3599
138	3110906	1054	7285	5079
139	4418	284	3140496	3521
140	3127926	845	5714	3275
141	5634	6272	526	3110573
142	3349	3113186	767	5556
143	5542	3127880	613	5202
144	9219	3188408	562	5831
145	11428	8800	1438	3169304
146	5055	3203398	681	7558
147	3169488	2150	11608	7278
148	6132	537	3186779	3635
149	3110849	4354	7076	4266
150	1202	3132809	1667	9122
151	6023	3142692	686	7062
152	9735	3190782	319	5122
153	9776	11690	3750	3184793
154	7416	8817	2856	3224118
155	8635	10521	2071	3225736
156	3538	8117	659	3229356
157	3198601	608	7589	5882
158	6061	2277	3225823	1670
159	8794	7110	1840	3162352
160	4946	3193575	1551	8978
161	3185528	2208	12126	12273
162	18989	6419	3254012	5143
163	8986	9507	3036	3207867
164	22469	5791	3240017	2626
165	9284	13318	2761	3189143
166	6792	1697	3240968	7201
167	6843	799	3241955	3790
168	3216662	870	11176	8715
169	3231044	1277	10887	6183
170	3242821	1654	6007	5428
171	3242942	712	4238	6666
172	2606	6368	925	3241714
173	3640	3222928	361	3616
174	7453	8175	856	3151288
175	4586	3253408	398	3290
176	9242	9091	1506	3256450
177	3254447	816	8335	4981
178	10223	1047	3270038	5278
179	3041	3280652	2784	16367
180	3295666	1878	9707	10401
181	10352	1446	3399957	5004
182	7884	12565	2480	3326885
183	7559	310	3270315	2415
184	11719	584	3257358	3143
185	2984	3230364	1728	22785
186	18422	2172	3244930	3492
187	2487	3245389	558	10578
188	9750	3322571	1379	9339
189	7069	3346754	504	11594
190	10948	951	3378132	5504
191	3349315	1292	11469	9227
192	3368581	1623	14023	10329
193	1168	3413561	2241	13712
194	3329446	2478	10241	8825
195	5567	595	3346066	8025
196	6293	701	3301755	5695
197	6820	1138	3292420	2694
198	3297963	1905	11866	8908
199	5327	3407070	1032	6728
200	9806	10544	1958	3406686
201	6643	12560	1156	3417875
202	5878	594	3407449	1749
203	3364689	1286	13498	9776
204	3363937	2780	14292	13467
205	3344885	2844	8683	10448
206	7191	793	3343337	5124
207	3025	3330275	1825	17214
208	8653	1189	3339650	3869
209	3335068	1009	9609	11837
210	3348964	2114	8551	11080
211	3341320	2326	8609	8202
212	4108	790	3383609	1813
213	2437	6200	2301	3315495
214	3400290	795	6661	3630
215	3384581	2937	11795	8308
216	3357245	3242	10428	7592
217	8732	1052	3359500	4765
218	2979	3357330	1900	16722
219	6099	3394290	899	7625
220	3367799	2986	11589	14507
221	6387	407	3447841	6575
222	3415979	954	6589	5796
223	4468	834	3428131	8593
224	5041	381	3402867	2529
225	3305443	1349	8954	7967
226	5449	582	3375951	3007
227	3353985	954	5722	2100
228	3787	5574	652	3367544
229	3962	3401557	425	3726
230	5496	4984	1002	3368918
231	5214	3495823	497	3573
232	12795	7957	1441	3456720
233	7241	3487050	1139	9781
234	8773	509	3501955	3033
235	3473166	1798	7715	4811
236	2128	3511135	1836	12060
237	25586	2607	3423246	5358
238	1134	3494179	290	15784
239	3479219	1412	11466	6781
240	5296	649	3518624	6144
241	3265	223	3511770	1501
242	3487638	3163	5442	2594
243	1084	3586269	1194	5367
244	4335	6838	789	3512262
245	4988	3527372	354	8038
246	7084	305	3525741	2569
247	10955	1644	3513453	2020
248	3318	3499138	593	8826
249	7389	6869	498	3496323
250	2780	6798	544	3490239
251	5793	976	3400584	1683
252	2036	3410414	1046	7723
253	4823	15253	980	3383083
254	4670	347	3387336	1495
255	3360869	1736	10149	10563
256	3296120	2374	8708	6408
257	3797	342	3293925	2943
258	1375	3300454	1735	10505
259	9594	691	3267771	1423
260	1092	3258579	878	7891
261	15309	1108	3262750	1949
262	1884	3258023	805	7553
263	3265282	2831	9707	7700
264	2172	3304727	1221	15504
265	13856	514	3256873	4825
266	7725	939	3263840	966
267	829	3259637	898	8046
268	3276281	764	7172	3596
269	3255962	1218	9322	9638
270	2186	117	3278238	3034
271	3245187	1291	5525	4797
272	3370	331	3257934	7252
273	5907	414	3218065	1972
274	1842	3196660	1974	11905
275	4209	304	3243113	1193
276	3241086	396	6211	2745
277	2862	149	3262942	2992
278	4759	215	3213645	2618
279	4782	539	3168503	3266
280	7267	298	3152270	1243
281	5657	3043605	4404	27119
282	7548	669	3101146	5612
283	5057	458	3104643	1448
284	2082	3085979	1935	12678
285	6284	633	3120353	1864
286	3105394	1554	6686	7172
287	3698	3153540	706	6617
288	9855	11010	1553	3057480
289	10436	2367	3068517	7065
290	11314	2642	3079192	2318
291	6795	8080	23260	3016207
292	10868	554	3057504	2849
293	3046571	1105	9993	7914
294	6335	1761	3099964	2236
295	4050	3652	11832	3029477
296	3044092	1482	6941	5659
297	2103	3044554	2534	18728
298	12610	1804	3009079	2017
299	2589	3004236	942	5867
300	7006	3036106	440	4269
301	3067650	3712	16954	8971
302	3093552	490	6445	3914
303	3096859	697	3509	2773
304	3095717	725	2845	2358
305	3098087	337	2412	4543
306	3139	2696	661	3091489
307	4475	3725	1422	3105735
308	7912	8191	856	3107744
309	7980	9086	725	3093340
310	4336	257	3080280	1411
311	3051960	1609	5905	4406
312	1312	3127218	2364	8099
313	4295	4416	1226	3015226
314	2995765	556	4753	4066
315	4850	393	3021251	3376
316	2596	3001643	1578	15353
317	8655	571	2996319	7194
318	4609	382	3003530	2603
319	2930682	905	6980	7440
320	4613	560	2983487	4417
321	8172	950	2959551	1370
322	2642	2959366	603	6616
323	1679	4331	326	2962446
324	3028223	656	6958	3757
325	3361	606	3062380	3535
326	3020562	1129	7567	6508
327	3019531	2223	5963	8812
328	3059	489	3001265	5444
329	3573	299	2942697	2702
330	2856126	980	8559	6820
331	2414	240	2879856	3116
332	2839016	993	7887	4935
333	2433	202	2859633	3893
334	2820774	1034	7563	3754
335	2421	410	2861834	3390
336	2876416	757	5198	3230
337	4769	6462	815	2882215
338	6643	436	2796912	1834
339	8572	791	2786243	6682
340	16412	1611	2795679	1694
341	10504	14004	8186	2748871
342	7387	815	2790018	3666
343	3147	2777691	1490	22441
344	8485	578	2845015	3302
345	2833616	670	7546	8187
346	4334	223	2847926	4934
347	2799548	711	5914	4452
348	4476	261	2777779	2386
349	1694	2766246	1405	15289
350	10154	2142	2785736	1666
351	6671	9765	1959	2763089
352	4221	2778661	707	9511
353	13704	1404	2771825	9583
354	17148	3269	2781947	2083
355	2904	6406	6175	2760542
356	2802346	295	6004	2662
357	4915	6327	673	2799887
358	2656	3805	329	2767595
359	2755897	406	7127	4110
360	2681094	2194	9735	7590
361	7225	485	2644459	5127
362	5177	2629784	2490	20641
363	13369	1078	2588264	10897
364	9241	1051	2597632	6377
365	9811	1536	2559123	7808
366	6843	1261	2547547	9206
367	5858	482	2548910	2513
368	2592740	725	7355	7406
369	2709	592	2648669	1529
370	2640382	622	6445	3956
371	2658763	477	6218	2946
372	4591	4607	764	2662325
373	2712	5589	299	2638322
374	2616122	803	6403	7286
375	2548	287	2601592	1508
376	2547119	715	5547	3458
377	3065	3369	407	2583333
378	2582113	523	8241	3144
379	2564087	2446	9341	10336
380	2569779	1413	6813	6377
381	6523	6916	905	2563460
382	5542	523	2508588	1880
383	5327	1013	2461187	6802
384	3041	527	2451836	1894
385	2418023	544	6703	4505
386	2442191	1342	8705	5851
387	2449675	1138	4853	3058
388	2450959	1142	3250	2278
389	2446949	1001	3986	1868
390	2453815	955	3494	1522
391	6459	4135	638	2442408
392	6422	8610	890	2411063
393	4969	2435044	880	7625
394	7592	916	2415162	6299
395	4093	504	2432821	866
396	6348	9956	1231	2409051
397	3496	4705	511	2409728
398	2403277	574	6583	4889
399	2367545	1641	3834	6662
400	3586	161	2358226	5176
401	9582	538	2300958	2464
402	3133	2289285	1641	17031
403	4947	2314348	921	8283
404	2316069	1765	8435	7945
405	11551	1848	2311601	11788
406	10483	846	2286039	7477
407	5901	672	2267449	5745
408	5088	791	2248951	5943
409	4812	769	2238963	2232
410	2216973	901	5414	5726
411	2196884	1047	8396	4693
412	2181814	1511	6497	6415
413	2100	302	2196253	2023
414	2182988	563	4496	2640
415	2168649	922	7079	3762
416	2154895	956	6251	3151
417	656	2167891	1379	5630
418	2161874	854	5440	3586
419	2166821	547	4957	4517
420	2557	2570	227	2129386
421	2092035	400	3258	1387
422	3403	3117	181	2060890
423	1968147	292	3121	1737
424	1945669	705	3478	2040
425	1922369	936	2980	1107
426	533	1948031	1294	2433
427	2271	2313	237	1902286
428	1895536	134	3645	550
429	1894972	677	2819	1997
430	1876706	494	2461	1083
431	1869528	1268	3639	1728
432	256	1906397	543	1909
433	2571095	864	3025	1790
434	1746	3501	192	2583093
435	2646190	235	3683	2062
436	6181	5833	470	2625979
437	2598050	703	5117	3002
438	3355	547	2615364	4609
439	3718	4560	583	2597094
440	2619459	1143	4743	3833
441	6568	8004	622	2624376
442	5050	220	2587810	1202
443	5320	327	2573705	4120
444	9804	1036	2505808	3205
445	1464	2502222	1352	7405
446	2505744	1329	8658	8653
447	2512267	1812	5583	8660
448	7238	679	2367048	4376
449	1725	2370968	1527	9924
450	2371685	1906	7348	6659
451	4079	476	2373921	8076
452	4528	435	2362998	4778
453	4637	254	2359310	2194
454	2345797	917	6868	7161
455	8048	1267	2350057	3079
456	2886	2347390	1074	10827
457	2495	6851	550	2351169
458	2348250	592	7818	5094
459	3281	507	2354703	4378
460	2342842	1125	6292	5164
461	2335867	1745	9038	4458
462	1551	2334143	3033	11873
463	5675	304	2333656	2154
464	2331446	380	4416	3766
465	4151	4846	464	2330521
466	6149	4337	505	2319059
467	4096	2317253	620	7461
468	10871	1097	2310458	2466
469	2658	2313925	1217	7780
470	2308647	1391	6653	8709
471	4941	1196	2317903	2247
472	4119	6857	475	2296193
473	2101	3319	339	2289488
474	2287126	336	4531	2853
475	2288065	409	4271	2287
476	2602	3043	424	2283161
477	2719	2277448	586	5460
478	10569	2263539	2203	8085
479	4975	6746	729	2261619
480	5601	201	2261271	1442
481	8684	783	2252375	2201
482	1314	2249097	794	10458
483	4855	2251491	329	4425
484	4317	4437	2064	2233832
485	3629	2882	1724	2251238
486	4132	3552	1492	2250085
487	1484	3173	115	2252635
488	2245485	529	5529	3740
489	1698	194	2246683	2810
490	2223649	966	5255	4189
491	1073	286	2224913	1990
492	2213275	1044	1910	690
493	1452	2204193	506	8511
494	2201718	923	1115	1319
495	710	1663	597	2196455
496	2233	2186127	392	9188
497	2189473	694	2438	806
498	1915	810	2185068	3166
499	2177691	3985	1252	757
500	2178676	966	1284	2872
501	1317	571	2166692	2206
502	1933	389	2154737	683
503	1989	2139432	669	12632
504	1110	808	306	2146799
505	2257	752	2144834	462
506	1180	2134758	529	9812
507	1583	2137769	274	8870
508	2781	409	2142396	466
509	4909	574	2138055	180
510	3942	2137008	276	858
511	2137798	441	2637	407
512	2136439	1859	2286	1367
513	2136153	1406	784	2504
514	544	237	217	2136067
515	2118342	2542	421	4300
516	631	2121071	1369	983
517	1197	443	236	2096122
518	1002	291	2087235	615
519	938	581	2083765	1770
520	1353	563	2082852	135
521	2078925	3195	503	348
522	1636	2078783	948	741
523	2067128	7028	1320	1731
524	557	154	2073006	1658
525	690	2068242	2620	741
526	1617	531	296	2061674
527	2053480	6129	1467	2535
528	738	2055956	1616	451
529	2052214	833	3853	662
530	2050279	424	1090	4291
531	0	2049716	0	1
532	1	2021805	0	0
533	2661	2	0	0
534	0	0	0	259
535	0	179	0	0
536	0	0	0	0
